Codigo do Municipio;Municipios;Territorio de Identidade;Ano;total_homens;total_mulheres;Total_urb                                                                          ;Homem_urb;Mulher_urb;Total_rural;Homem_rural;Mulher_rural
2900108;Abaíra;Chapada Diamantina;1991;4255;4499;2965;1433;1532;5789;2822;2967
2900207;Abaré;Itaparica;1991;5589;5860;2952;1383;1569;8497;4206;4291
2900306;Acajutiba;Litoral Norte e Agreste Baiano;1991;6380;6514;9728;4765;4963;3166;1615;1551
2900355;Adustina;Semi-Árido Nordeste II;1991;6909;6805;2279;1104;1175;11435;5805;5630
2900405;Água Fria;Portal do Sertão;1991;7051;7094;3122;1494;1628;11023;5557;5466
2900603;Aiquara;Médio Rio de Contas;1991;3521;3091;2455;1231;1224;4157;2290;1867
2900702;Alagoinhas;Litoral Norte e Agreste Baiano;1991;55876;61018;99508;47054;52454;17386;8822;8564
2900801;Alcobaça;Extremo Sul;1991;7959;7451;5464;2714;2750;9946;5245;4701
2900900;Almadina;Litoral Sul;1991;5165;4839;6028;2982;3046;3976;2183;1793
2901007;Amargosa;Vale de Jequiriçá;1991;13605;14421;15831;7296;8535;12195;6309;5886
2901106;Amélia Rodrigues;Portal do Sertão;1991;11235;11544;16444;7957;8487;6335;3278;3057
2901155;América Dourada;Irecê;1991;8084;7881;8247;4119;4128;7718;3965;3753
2901205;Anagé;Vitória da Conquista;1991;20852;20692;4341;2086;2255;37203;18766;18437
2901304;Andaraí;Chapada Diamantina;1991;7210;7075;5825;2834;2991;8460;4376;4084
2901353;Andorinha;Piemonte Norte do Itapicuru;1991;8955;8215;3666;1870;1796;13504;7085;6419
2901403;Angical;Bacia do Rio Grande;1991;8432;7620;3749;1904;1845;12303;6528;5775
2901502;Anguera;Portal do Sertão;1991;3767;4092;2983;1392;1591;4876;2375;2501
2901601;Antas;Semi-Árido Nordeste II;1991;8553;8551;4026;1946;2080;13078;6607;6471
2901700;Antônio Cardoso;Portal do Sertão;1991;5638;5690;808;397;411;10520;5241;5279
2901809;Antônio Gonçalves;Piemonte Norte do Itapicuru;1991;7017;7065;4540;2214;2326;9542;4803;4739
2901908;Aporá;Litoral Norte e Agreste Baiano;1991;7981;7761;5941;2957;2984;9801;5024;4777
2901957;Apuarema;Médio Rio de Contas;1991;3960;3687;3681;1869;1812;3966;2091;1875
2902054;Araçás;Litoral Norte e Agreste Baiano;1991;4600;4340;3759;1872;1887;5181;2728;2453
2902005;Aracatu;Vitória da Conquista;1991;7845;7619;2077;991;1086;13387;6854;6533
2902104;Araci;Sisal;1991;22870;22471;11584;5654;5930;33757;17216;16541
2902203;Aramari;Litoral Norte e Agreste Baiano;1991;3774;3862;3829;1864;1965;3807;1910;1897
2902252;Arataca;Litoral Sul;1991;7091;6503;4456;2246;2210;9138;4845;4293
2902302;Aratuípe;Baixo Sul;1991;3997;3814;3738;1830;1908;4073;2167;1906
2902401;Aurelino Leal;Litoral Sul;1991;8101;7636;9268;4535;4733;6469;3566;2903
2902500;Baianópolis;Bacia do Rio Grande;1991;7032;6791;2305;1153;1152;11518;5879;5639
2902609;Baixa Grande;Bacia do Jacuípe;1991;10807;10827;6071;2867;3204;15563;7940;7623
2902658;Banzaê;Semi-Árido Nordeste II;1991;5746;5743;939;468;471;10550;5278;5272
2902708;Barra;Velho Chico;1991;20179;19627;15767;7665;8102;24039;12514;11525
2902807;Barra da Estiva;Chapada Diamantina;1991;8569;8677;4659;2228;2431;12587;6341;6246
2902906;Barra do Choça;Vitória da Conquista;1991;12536;12308;11644;5712;5932;13200;6824;6376
2903003;Barra do Mendes;Irecê;1991;7251;7218;4817;2300;2517;9652;4951;4701
2903102;Barra do Rocha;Médio Rio de Contas;1991;5120;4570;3065;1507;1558;6625;3613;3012
2903201;Barreiras;Bacia do Rio Grande;1991;46778;45862;70870;35255;35615;21770;11523;10247
2903235;Barro Alto;Irecê;1991;6073;5986;2448;1184;1264;9611;4889;4722
2903300;Barro Preto/Lomanto Junior;Litoral Sul;1991;5466;5135;4589;2317;2272;6012;3149;2863
2903276;Barrocas;Sisal;1991;;;;;;;;
2903409;Belmonte;Costa do Descobrimento;1991;11191;10879;10860;5294;5566;11210;5897;5313
2903508;Belo Campo;Vitória da Conquista;1991;7200;7101;5713;2798;2915;8588;4402;4186
2903607;Biritinga;Sisal;1991;7424;7196;1781;853;928;12839;6571;6268
2903706;Boa Nova;Médio Rio de Contas;1991;6792;6713;2988;1451;1537;10517;5341;5176
2903805;Boa Vista do Tupim;Piemonte do Paraguaçu;1991;8727;8433;4296;2083;2213;12864;6644;6220
2903904;Bom Jesus da Lapa;Velho Chico;1991;24069;24841;32390;15556;16834;16520;8513;8007
2903953;Bom Jesus da Serra;Vitória da Conquista;1991;5099;5127;1127;545;582;9099;4554;4545
2904001;Boninal;Chapada Diamantina;1991;6766;6877;2492;1188;1304;11151;5578;5573
2904050;Bonito;Chapada Diamantina;1991;5549;5536;4349;2119;2230;6736;3430;3306
2904100;Boquira;Bacia do Paramirim;1991;9443;10001;5057;2383;2674;14387;7060;7327
2904209;Botuporã;Bacia do Paramirim;1991;5025;5229;1762;844;918;8492;4181;4311
2904308;Brejões;Vale de Jequiriçá;1991;6509;6532;3352;1557;1795;9689;4952;4737
2904407;Brejolândia;Bacia do Rio Corrente;1991;5818;5450;1513;753;760;9755;5065;4690
2904506;Brotas de Macaúbas;Velho Chico;1991;7117;7146;2450;1195;1255;11813;5922;5891
2904605;Brumado;Sertão Produtivo;1991;28062;29114;36013;17296;18717;21163;10766;10397
2904704;Buerarema;Litoral Sul;1991;10670;10169;15959;7953;8006;4880;2717;2163
2904753;Buritirama;Bacia do Rio Grande;1991;6414;6125;2785;1403;1382;9754;5011;4743
2904803;Caatiba;Médio Sudoeste da Bahia;1991;4969;4738;3106;1535;1571;6601;3434;3167
2904852;Cabaceiras do Paraguaçu;Recôncavo;1991;7086;7437;1846;884;962;12677;6202;6475
2904902;Cachoeira;Recôncavo;1991;13740;14550;14193;6572;7621;14097;7168;6929
2905008;Caculé;Sertão Produtivo;1991;8696;9116;8697;4046;4651;9115;4650;4465
2905107;Caém;Piemonte da Diamantina;1991;8577;8539;3824;1817;2007;13292;6760;6532
2905156;Caetanos;Vitória da Conquista;1991;5394;5261;891;481;410;9764;4913;4851
2905206;Caetité;Sertão Produtivo;1991;19865;20515;16925;8007;8918;23455;11858;11597
2905305;Cafarnaum;Irecê;1991;6908;6796;5883;2898;2985;7821;4010;3811
2905404;Cairu;Baixo Sul;1991;8076;7141;5597;2887;2710;9620;5189;4431
2905503;Caldeirão Grande;Piemonte Norte do Itapicuru;1991;7778;8037;4852;2325;2527;10963;5453;5510
2905602;Camacan;Litoral Sul;1991;18681;18342;16364;7948;8416;20659;10733;9926
2905701;Camaçari;Metropolitana de Salvador;1991;57095;56544;108232;54284;53948;5407;2811;2596
2905800;Camamu;Baixo Sul;1991;17117;15733;8125;3941;4184;24725;13176;11549
2905909;Campo Alegre de Lourdes;Sertão do São Francisco;1991;13048;13077;4177;2019;2158;21948;11029;10919
2906006;Campo Formoso;Piemonte Norte do Itapicuru;1991;31102;31002;16432;7754;8678;45672;23348;22324
2906105;Canápolis;Bacia do Rio Corrente;1991;4838;4637;1638;831;807;7837;4007;3830
2906204;Canarana;Irecê;1991;11486;11103;7549;3716;3833;15040;7770;7270
2906303;Canavieiras;Litoral Sul;1991;16860;16159;20658;9983;10675;12361;6877;5484
2906402;Candeal;Sisal;1991;5276;5452;2541;1207;1334;8187;4069;4118
2906501;Candeias;Metropolitana de Salvador;1991;33953;33988;61438;30447;30991;6503;3506;2997
2906600;Candiba;Sertão Produtivo;1991;6360;6250;4087;2016;2071;8523;4344;4179
2906709;Cândido Sales;Vitória da Conquista;1991;11873;11695;11883;5873;6010;11685;6000;5685
2906808;Cansanção;Sisal;1991;15508;15395;6926;3285;3641;23977;12223;11754
2906824;Canudos;Sertão do São Francisco;1991;6820;6942;5232;2467;2765;8530;4353;4177
2906857;Capela do Alto Alegre;Bacia do Jacuípe;1991;8550;8592;3425;1663;1762;13717;6887;6830
2906873;Capim Grosso;Piemonte da Diamantina;1991;9730;9929;12470;6090;6380;7189;3640;3549
2906899;Caraíbas;Vitória da Conquista;1991;8609;8479;518;253;265;16570;8356;8214
2906907;Caravelas;Extremo Sul;1991;10042;9721;8932;4408;4524;10831;5634;5197
2907004;Cardeal da Silva;Litoral Norte e Agreste Baiano;1991;3263;3137;2274;1142;1132;4126;2121;2005
2907103;Carinhanha;Velho Chico;1991;13047;12518;7325;3516;3809;18240;9531;8709
2907202;Casa Nova;Sertão do São Francisco;1991;23738;23100;18482;9067;9415;28356;14671;13685
2907301;Castro Alves;Recôncavo;1991;12841;13932;13187;6053;7134;13586;6788;6798
2907400;Catolândia;Bacia do Rio Grande;1991;1675;1599;801;390;411;2473;1285;1188
2907509;Catu;Litoral Norte e Agreste Baiano;1991;21455;21975;33394;16229;17165;10036;5226;4810
2907558;Caturama;Bacia do Paramirim;1991;4786;4928;1192;552;640;8522;4234;4288
2907608;Central;Irecê;1991;7335;7361;6621;3208;3413;8075;4127;3948
2907707;Chorrochó;Itaparica;1991;4616;4987;1528;716;812;8075;3900;4175
2907806;Cícero Dantas;Semi-Árido Nordeste II;1991;13161;14040;12124;5663;6461;15077;7498;7579
2907905;Cipó;Semi-Árido Nordeste II;1991;5907;6366;7770;3667;4103;4503;2240;2263
2908002;Coaraci;Litoral Sul;1991;15594;15470;21659;10584;11075;9405;5010;4395
2908101;Côcos;Bacia do Rio Corrente;1991;8086;7897;4972;2391;2581;11011;5695;5316
2908200;Conceição da Feira;Portal do Sertão;1991;7759;8308;8035;3816;4219;8032;3943;4089
2908309;Conceição do Almeida;Recôncavo;1991;9182;9360;7659;3628;4031;10883;5554;5329
2908408;Conceição do Coité;Sisal;1991;26052;26286;20002;9534;10468;32336;16518;15818
2908507;Conceição do Jacuípe;Portal do Sertão;1991;11225;11680;16174;7820;8354;6731;3405;3326
2908606;Conde;Litoral Norte e Agreste Baiano;1991;8092;8057;5494;2592;2902;10655;5500;5155
2908705;Condeúba;Vitória da Conquista;1991;8730;9168;5761;2726;3035;12137;6004;6133
2908804;Contendas do Sincorá;Sertão Produtivo;1991;2346;2417;2181;1045;1136;2582;1301;1281
2908903;Coração de Maria;Portal do Sertão;1991;10765;11172;5570;2557;3013;16367;8208;8159
2909000;Cordeiros;Vitória da Conquista;1991;5351;5313;2296;1128;1168;8368;4223;4145
2909109;Coribe;Bacia do Rio Corrente;1991;7231;6936;4825;2362;2463;9342;4869;4473
2909208;Coronel João Sá;Semi-Árido Nordeste II;1991;8741;8392;2972;1507;1465;14161;7234;6927
2909307;Correntina;Bacia do Rio Corrente;1991;13904;14101;8636;4147;4489;19369;9757;9612
2909406;Cotegipe;Bacia do Rio Grande;1991;6375;6105;5118;2558;2560;7362;3817;3545
2909505;Cravolândia;Vale de Jequiriçá;1991;2338;2382;2475;1188;1287;2245;1150;1095
2909604;Crisópolis;Litoral Norte e Agreste Baiano;1991;8435;8343;4057;1956;2101;12721;6479;6242
2909703;Cristópolis;Bacia do Rio Grande;1991;6378;6273;2252;1103;1149;10399;5275;5124
2909802;Cruz das Almas;Recôncavo;1991;21725;24133;30908;14253;16655;14950;7472;7478
2909901;Curaçá;Sertão do São Francisco;1991;12696;12199;7749;3668;4081;17146;9028;8118
2910008;Dário Meira;Médio Rio de Contas;1991;6992;6515;4102;2064;2038;9405;4928;4477
2910057;Dias D'Ávila;Metropolitana de Salvador;1991;15884;15376;29478;14968;14510;1782;916;866
2910107;Dom Basílio;Sertão Produtivo;1991;4916;4814;1109;538;571;8621;4378;4243
2910206;Dom Macedo Costa;Recôncavo;1991;1925;1979;853;412;441;3051;1513;1538
2910305;Elísio Medrado;Vale de Jequiriçá;1991;3839;4000;1997;926;1071;5842;2913;2929
2910404;Encruzilhada;Vitória da Conquista;1991;11094;10268;3692;1788;1904;17670;9306;8364
2910503;Entre Rios;Litoral Norte e Agreste Baiano;1991;13694;14024;16897;8192;8705;10821;5502;5319
2900504;Érico Cardoso;Bacia do Paramirim;1991;3626;3681;1108;522;586;6199;3104;3095
2910602;Esplanada;Litoral Norte e Agreste Baiano;1991;11480;11725;15198;7387;7811;8007;4093;3914
2910701;Euclides da Cunha;Semi-Árido Nordeste II;1991;25859;25953;17778;8503;9275;34034;17356;16678
2910727;Eunápolis;Costa do Descobrimento;1991;34806;35739;63540;31107;32433;7005;3699;3306
2910750;Fátima;Semi-Árido Nordeste II;1991;8870;8813;4344;2077;2267;13339;6793;6546
2910776;Feira da Mata;Velho Chico;1991;3214;3129;1470;723;747;4873;2491;2382
2910800;Feira de Santana;Portal do Sertão;1991;193895;212552;349557;165305;184252;56890;28590;28300
2910859;Filadélfia;Piemonte Norte do Itapicuru;1991;8571;8423;4902;2403;2499;12092;6168;5924
2910909;Firmino Alves;Médio Sudoeste da Bahia;1991;2764;2759;3793;1853;1940;1730;911;819
2911006;Floresta Azul;Litoral Sul;1991;7062;6878;7766;3774;3992;6174;3288;2886
2911105;Formosa do Rio Preto;Bacia do Rio Grande;1991;7828;7590;5624;2652;2972;9794;5176;4618
2911204;Gandu;Baixo Sul;1991;13143;13318;19597;9419;10178;6864;3724;3140
2911253;Gavião;Bacia do Jacuípe;1991;3580;3538;2486;1131;1355;4632;2449;2183
2911303;Gentio do Ouro;Irecê;1991;5731;5362;4163;2085;2078;6930;3646;3284
2911402;Glória;Itaparica;1991;6268;6547;1611;775;836;11204;5493;5711
2911501;Gongogi;Médio Rio de Contas;1991;4617;4334;5676;2857;2819;3275;1760;1515
2911600;Governador Mangabeira;Recôncavo;1991;8644;9215;5338;2504;2834;12521;6140;6381
2911659;Guajeru;Vitória da Conquista;1991;4167;4367;1044;487;557;7490;3680;3810
2911709;Guanambi;Sertão Produtivo;1991;32138;33454;45127;21681;23446;20465;10457;10008
2911808;Guaratinga;Costa do Descobrimento;1991;13101;12340;9159;4573;4586;16282;8528;7754
2911857;Heliópolis;Semi-Árido Nordeste II;1991;5729;5647;2367;1140;1227;9009;4589;4420
2911907;Iaçu;Piemonte do Paraguaçu;1991;12942;13123;18806;9123;9683;7259;3819;3440
2912004;Ibiassucê;Sertão Produtivo;1991;6023;5875;2956;1414;1542;8942;4609;4333
2912103;Ibicaraí;Litoral Sul;1991;15150;15410;19332;9343;9989;11228;5807;5421
2912202;Ibicoara;Chapada Diamantina;1991;4333;4393;1253;585;668;7473;3748;3725
2912301;Ibicuí;Médio Sudoeste da Bahia;1991;8125;7511;9308;4685;4623;6328;3440;2888
2912400;Ibipeba;Irecê;1991;8974;8475;4973;2507;2466;12476;6467;6009
2912509;Ibipitanga;Bacia do Paramirim;1991;6485;6760;2199;1062;1137;11046;5423;5623
2912608;Ibiquera;Piemonte do Paraguaçu;1991;2891;2947;2060;964;1096;3778;1927;1851
2912707;Ibirapitanga;Baixo Sul;1991;13746;13038;6697;3312;3385;20087;10434;9653
2912806;Ibirapoã;Extremo Sul;1991;4221;4069;3413;1691;1722;4877;2530;2347
2912905;Ibirataia;Médio Rio de Contas;1991;11356;11338;15369;7477;7892;7325;3879;3446
2913002;Ibitiara;Chapada Diamantina;1991;8360;8648;2921;1406;1515;14087;6954;7133
2913101;Ibititá;Irecê;1991;8838;8447;6588;3260;3328;10697;5578;5119
2913200;Ibotirama;Velho Chico;1991;11771;11499;15231;7494;7737;8039;4277;3762
2913309;Ichu;Sisal;1991;4313;4283;3124;1511;1613;5472;2802;2670
2913408;Igaporã;Velho Chico;1991;7021;6931;5903;2874;3029;8049;4147;3902
2913457;Igrapiúna;Baixo Sul;1991;6722;5973;966;484;482;11729;6238;5491
2913507;Iguaí;Médio Sudoeste da Bahia;1991;11849;11135;9062;4511;4551;13922;7338;6584
2913606;Ilhéus;Litoral Sul;1991;112891;110859;144232;70190;74042;79518;42701;36817
2913705;Inhambupe;Litoral Norte e Agreste Baiano;1991;12854;12923;10057;4816;5241;15720;8038;7682
2913804;Ipecaetá;Portal do Sertão;1991;7978;8398;1411;702;709;14965;7276;7689
2913903;Ipiaú;Médio Rio de Contas;1991;22415;22830;36408;17654;18754;8837;4761;4076
2914000;Ipirá;Bacia do Jacuípe;1991;31003;31669;18088;8444;9644;44584;22559;22025
2914109;Ipupiara;Irecê;1991;4059;3975;4102;2041;2061;3932;2018;1914
2914208;Irajuba;Vale de Jequiriçá;1991;3282;3072;1832;899;933;4522;2383;2139
2914307;Iramaia;Chapada Diamantina;1991;8731;8468;6817;3365;3452;10382;5366;5016
2914406;Iraquara;Chapada Diamantina;1991;8442;8564;4093;1986;2107;12913;6456;6457
2914505;Irará;Portal do Sertão;1991;11710;12159;7368;3462;3906;16501;8248;8253
2914604;Irecê;Irecê;1991;24876;26032;40069;19311;20758;10839;5565;5274
2914653;Itabela;Costa do Descobrimento;1991;10670;10178;13577;6805;6772;7271;3865;3406
2914703;Itaberaba;Piemonte do Paraguaçu;1991;25899;27843;36934;17306;19628;16808;8593;8215
2914802;Itabuna;Litoral Sul;1991;88661;96616;177561;84470;93091;7716;4191;3525
2914901;Itacaré;Litoral Sul;1991;9815;8616;4275;2173;2102;14156;7642;6514
2915007;Itaeté;Chapada Diamantina;1991;7142;7154;4676;2240;2436;9620;4902;4718
2915106;Itagi;Médio Rio de Contas;1991;7330;7224;8536;4189;4347;6018;3141;2877
2915205;Itagibá;Médio Rio de Contas;1991;10318;9598;7284;3595;3689;12632;6723;5909
2915304;Itagimirim;Costa do Descobrimento;1991;4008;3879;5078;2560;2518;2809;1448;1361
2915353;Itaguaçu da Bahia;Irecê;1991;8998;8343;1530;779;751;15811;8219;7592
2915403;Itaju do Colônia;Litoral Sul;1991;5038;4735;2885;1403;1482;6888;3635;3253
2915502;Itajuípe;Litoral Sul;1991;12639;12292;15972;7803;8169;8959;4836;4123
2915601;Itamaraju;Extremo Sul;1991;32346;31962;44449;21761;22688;19859;10585;9274
2915700;Itamari;Médio Rio de Contas;1991;4639;4192;4649;2313;2336;4182;2326;1856
2915809;Itambé;Médio Sudoeste da Bahia;1991;11986;11915;18516;9074;9442;5385;2912;2473
2915908;Itanagra;Litoral Norte e Agreste Baiano;1991;2868;2685;1382;692;690;4171;2176;1995
2916005;Itanhém;Extremo Sul;1991;11846;11379;13060;6377;6683;10165;5469;4696
2916104;Itaparica;Metropolitana de Salvador;1991;7392;7663;15055;7392;7663;0;0;0
2916203;Itapé;Litoral Sul;1991;7806;7838;7565;3594;3971;8079;4212;3867
2916302;Itapebi;Costa do Descobrimento;1991;5783;5295;6396;3262;3134;4682;2521;2161
2916401;Itapetinga;Médio Sudoeste da Bahia;1991;26067;27409;49340;23921;25419;4136;2146;1990
2916500;Itapicuru;Litoral Norte e Agreste Baiano;1991;12577;12274;3395;1650;1745;21456;10927;10529
2916609;Itapitanga;Litoral Sul;1991;5361;5113;6095;2994;3101;4379;2367;2012
2916708;Itaquara;Vale de Jequiriçá;1991;3662;3518;3070;1518;1552;4110;2144;1966
2916807;Itarantim;Médio Sudoeste da Bahia;1991;8832;8384;10127;5020;5107;7089;3812;3277
2916856;Itatim;Piemonte do Paraguaçu;1991;4963;5076;6254;3029;3225;3785;1934;1851
2916906;Itiruçu;Vale de Jequiriçá;1991;6236;6386;7700;3724;3976;4922;2512;2410
2917003;Itiúba;Sisal;1991;17199;17204;7068;3301;3767;27335;13898;13437
2917102;Itororó;Médio Sudoeste da Bahia;1991;10316;10194;15924;7916;8008;4586;2400;2186
2917201;Ituaçu;Sertão Produtivo;1991;7801;8294;3014;1371;1643;13081;6430;6651
2917300;Ituberá;Baixo Sul;1991;10332;10221;11806;5704;6102;8747;4628;4119
2917334;Iuiu;Sertão Produtivo;1991;5541;5300;4227;2110;2117;6614;3431;3183
2917359;Jaborandi;Bacia do Rio Corrente;1991;5951;5741;1687;841;846;10005;5110;4895
2917409;Jacaraci;Vitória da Conquista;1991;6972;6967;2439;1182;1257;11500;5790;5710
2917508;Jacobina;Piemonte da Diamantina;1991;37113;39405;50009;23673;26336;26509;13440;13069
2917607;Jaguaquara;Vale de Jequiriçá;1991;19371;20001;26977;12898;14079;12395;6473;5922
2917706;Jaguarari;Piemonte Norte do Itapicuru;1991;15632;15509;6070;2926;3144;25071;12706;12365
2917805;Jaguaripe;Baixo Sul;1991;7058;6782;3943;1975;1968;9897;5083;4814
2917904;Jandaíra;Litoral Norte e Agreste Baiano;1991;4242;3983;4471;2259;2212;3754;1983;1771
2918001;Jequié;Médio Rio de Contas;1991;70092;74680;116885;55656;61229;27887;14436;13451
2918100;Jeremoabo;Semi-Árido Nordeste II;1991;19350;19099;13640;6573;7067;24809;12777;12032
2918209;Jiquiriçá;Vale de Jequiriçá;1991;5950;5813;3386;1623;1763;8377;4327;4050
2918308;Jitaúna;Médio Rio de Contas;1991;10569;10262;6993;3328;3665;13838;7241;6597
2918357;João Dourado;Irecê;1991;9703;9508;9336;4624;4712;9875;5079;4796
2918407;Juazeiro;Sertão do São Francisco;1991;63223;65544;102266;49312;52954;26501;13911;12590
2918456;Jucuruçu;Extremo Sul;1991;8434;7578;1299;666;633;14713;7768;6945
2918506;Jussara;Irecê;1991;7150;6852;8547;4296;4251;5455;2854;2601
2918555;Jussari;Litoral Sul;1991;4489;3981;4609;2351;2258;3861;2138;1723
2918605;Jussiape;Chapada Diamantina;1991;4960;5269;3902;1933;1969;6327;3027;3300
2918704;Lafayette Coutinho;Vale de Jequiriçá;1991;2636;2489;1771;871;900;3354;1765;1589
2919058;Lagedo do Tabocal;Vale de Jequiriçá;1991;3356;3120;3291;1630;1661;3185;1726;1459
2918753;Lagoa Real;Sertão Produtivo;1991;5657;5321;1148;561;587;9830;5096;4734
2918803;Laje;Vale de Jequiriçá;1991;9284;9035;3849;1806;2043;14470;7478;6992
2918902;Lajedão;Extremo Sul;1991;1995;1823;1663;807;856;2155;1188;967
2919009;Lajedinho;Piemonte do Paraguaçu;1991;3233;2992;892;429;463;5333;2804;2529
2919108;Lamarão;Sisal;1991;5115;5160;1521;729;792;8754;4386;4368
2919157;Lapão;Irecê;1991;10636;10277;6848;3392;3456;14065;7244;6821
2919207;Lauro de Freitas;Metropolitana de Salvador;1991;34330;34940;44374;21809;22565;24896;12521;12375
2919306;Lençóis;Chapada Diamantina;1991;3763;3821;3481;1641;1840;4103;2122;1981
2919405;Licínio de Almeida;Vitória da Conquista;1991;7120;6969;5771;2852;2919;8318;4268;4050
2919504;Livramento de N. Senhora;Sertão Produtivo;1991;17208;17137;13200;6350;6850;21145;10858;10287
2919553;Luís Eduardo Magalhães;Bacia do Rio Grande;1991;;;;;;;;
2919603;Macajuba;Piemonte do Paraguaçu;1991;5209;5270;3235;1535;1700;7244;3674;3570
2919702;Macarani;Médio Sudoeste da Bahia;1991;7092;6965;8881;4315;4566;5176;2777;2399
2919801;Macaúbas;Bacia do Paramirim;1991;16920;17638;8001;3789;4212;26557;13131;13426
2919900;Macururé;Itaparica;1991;3269;3501;1353;600;753;5417;2669;2748
2919926;Madre de Deus;Metropolitana de Salvador;1991;4656;4527;8792;4451;4341;391;205;186
2919959;Maetinga;Vitória da Conquista;1991;5225;5174;1317;657;660;9082;4568;4514
2920007;Maiquinique;Médio Sudoeste da Bahia;1991;4052;3781;4056;2044;2012;3777;2008;1769
2920106;Mairi;Bacia do Jacuípe;1991;10109;10660;6980;3191;3789;13789;6918;6871
2920205;Malhada;Velho Chico;1991;7753;7457;2688;1356;1332;12522;6397;6125
2920304;Malhada de Pedras;Sertão Produtivo;1991;3760;3519;1501;758;743;5778;3002;2776
2920403;Manoel Vitorino;Médio Rio de Contas;1991;8494;8531;5186;2512;2674;11839;5982;5857
2920452;Mansidão;Bacia do Rio Grande;1991;5351;4939;1844;935;909;8446;4416;4030
2920502;Maracás;Vale de Jequiriçá;1991;13665;13489;12195;5841;6354;14959;7824;7135
2920601;Maragogipe;Recôncavo;1991;19412;19399;20472;9779;10693;18339;9633;8706
2920700;Maraú;Litoral Sul;1991;9314;8182;2651;1345;1306;14845;7969;6876
2920809;Marcionílio Souza;Chapada Diamantina;1991;7116;6545;3934;1939;1995;9727;5177;4550
2920908;Mascote;Litoral Sul;1991;10421;9757;1573;757;816;18605;9664;8941
2921005;Mata de São João;Litoral Norte e Agreste Baiano;1991;15340;15195;24143;11923;12220;6392;3417;2975
2921054;Matina;Velho Chico;1991;4558;4441;1389;683;706;7610;3875;3735
2921104;Medeiros Neto;Extremo Sul;1991;11620;11439;15704;7743;7961;7355;3877;3478
2921203;Miguel Calmon;Piemonte da Diamantina;1991;12583;12677;11969;5645;6324;13291;6938;6353
2921302;Milagres;Vale de Jequiriçá;1991;4572;4726;7200;3484;3716;2098;1088;1010
2921401;Mirangaba;Piemonte da Diamantina;1991;7227;7424;4181;2015;2166;10470;5212;5258
2921450;Mirante;Vitória da Conquista;1991;4172;4017;496;249;247;7693;3923;3770
2921500;Monte Santo;Sisal;1991;25788;25492;4855;2266;2589;46425;23522;22903
2921609;Morpará;Velho Chico;1991;3808;3603;3637;1832;1805;3774;1976;1798
2921708;Morro do Chapéu;Chapada Diamantina;1991;15915;15851;15519;7372;8147;16247;8543;7704
2921807;Mortugaba;Vitória da Conquista;1991;6340;6567;4149;1984;2165;8758;4356;4402
2921906;Mucugê;Chapada Diamantina;1991;5020;5314;2230;1074;1156;8104;3946;4158
2922003;Mucuri;Extremo Sul;1991;9181;8425;4810;2540;2270;12796;6641;6155
2922052;Mulungu do Morro;Irecê;1991;6800;6941;4931;2363;2568;8810;4437;4373
2922102;Mundo Novo;Piemonte do Paraguaçu;1991;15072;15782;11983;5541;6442;18871;9531;9340
2922201;Muniz Ferreira;Recôncavo;1991;3209;3071;2524;1218;1306;3756;1991;1765
2922250;Muquém do São Francisco;Velho Chico;1991;4309;3948;807;407;400;7450;3902;3548
2922300;Muritiba;Recôncavo;1991;11740;12794;14709;6869;7840;9825;4871;4954
2922409;Mutuípe;Vale de Jequiriçá;1991;10138;10353;6943;3285;3658;13548;6853;6695
2922508;Nazaré;Recôncavo;1991;12537;13417;20491;9698;10793;5463;2839;2624
2922607;Nilo Peçanha;Baixo Sul;1991;6345;5945;1980;971;1009;10310;5374;4936
2922656;Nordestina;Sisal;1991;4815;4500;1370;683;687;7945;4132;3813
2922706;Nova Canaã;Médio Sudoeste da Bahia;1991;7181;6634;5527;2791;2736;8288;4390;3898
2922730;Nova Fátima;Bacia do Jacuípe;1991;5186;5259;3462;1687;1775;6983;3499;3484
2922755;Nova Ibiá;Médio Rio de Contas;1991;5424;5078;2358;1185;1173;8144;4239;3905
2922805;Nova Itarana;Vale de Jequiriçá;1991;3317;3319;1960;951;1009;4676;2366;2310
2922854;Nova Redenção;Chapada Diamantina;1991;5123;5195;3581;1771;1810;6737;3352;3385
2922904;Nova Soure;Semi-Árido Nordeste II;1991;12249;12425;10177;4908;5269;14497;7341;7156
2923001;Nova Viçosa;Extremo Sul;1991;12969;12601;9374;4676;4698;16196;8293;7903
2923035;Novo Horizonte;Chapada Diamantina;1991;5059;5125;1357;671;686;8827;4388;4439
2923050;Novo Triunfo;Semi-Árido Nordeste II;1991;5464;5616;2398;1139;1259;8682;4325;4357
2923100;Olindina;Litoral Norte e Agreste Baiano;1991;10681;10781;9102;4390;4712;12360;6291;6069
2923209;Oliveira dos Brejinhos;Velho Chico;1991;10674;10431;4191;2025;2166;16914;8649;8265
2923308;Ouriçangas;Litoral Norte e Agreste Baiano;1991;3571;3472;1932;938;994;5111;2633;2478
2923357;Ourolândia;Piemonte da Diamantina;1991;6305;5930;2356;1146;1210;9879;5159;4720
2923407;Palmas de Monte Alto;Sertão Produtivo;1991;10388;10089;5312;2582;2730;15165;7806;7359
2923506;Palmeiras;Chapada Diamantina;1991;3465;3677;3600;1687;1913;3542;1778;1764
2923605;Paramirim;Bacia do Paramirim;1991;11220;11357;5356;2504;2852;17221;8716;8505
2923704;Paratinga;Velho Chico;1991;12166;12015;7346;3570;3776;16835;8596;8239
2923803;Paripiranga;Semi-Árido Nordeste II;1991;12754;13273;5454;2563;2891;20573;10191;10382
2923902;Pau Brasil;Litoral Sul;1991;8420;7759;9279;4666;4613;6900;3754;3146
2924009;Paulo Afonso;Itaparica;1991;41846;44773;74355;35578;38777;12264;6268;5996
2924058;Pé de Serra;Bacia do Jacuípe;1991;8581;8467;3738;1810;1928;13310;6771;6539
2924108;Pedrão;Litoral Norte e Agreste Baiano;1991;3424;3389;1411;683;728;5402;2741;2661
2924207;Pedro Alexandre;Semi-Árido Nordeste II;1991;7480;7321;1427;686;741;13374;6794;6580
2924306;Piatã;Chapada Diamantina;1991;8771;9537;3306;1581;1725;15002;7190;7812
2924405;Pilão Arcado;Sertão do São Francisco;1991;15909;16040;4268;2055;2213;27681;13854;13827
2924504;Pindaí;Sertão Produtivo;1991;8412;8163;3048;1494;1554;13527;6918;6609
2924603;Pindobaçu;Piemonte Norte do Itapicuru;1991;12192;11855;5703;2760;2943;18344;9432;8912
2924652;Pintadas;Bacia do Jacuípe;1991;5149;5256;2303;1100;1203;8102;4049;4053
2924678;Piraí do Norte;Baixo Sul;1991;7167;6592;1848;926;922;11911;6241;5670
2924702;Piripá;Vitória da Conquista;1991;5217;5199;3478;1673;1805;6938;3544;3394
2924801;Piritiba;Piemonte do Paraguaçu;1991;11996;12180;8987;4333;4654;15189;7663;7526
2924900;Planaltino;Vale de Jequiriçá;1991;5313;5019;2375;1204;1171;7957;4109;3848
2925006;Planalto;Vitória da Conquista;1991;11698;11828;9957;4812;5145;13569;6886;6683
2925105;Poções;Vitória da Conquista;1991;18612;19222;24873;12022;12851;12961;6590;6371
2925204;Pojuca;Litoral Norte e Agreste Baiano;1991;11123;11362;18510;9000;9510;3975;2123;1852
2925253;Ponto Novo;Piemonte Norte do Itapicuru;1991;8741;8430;5542;2791;2751;11629;5950;5679
2925303;Porto Seguro;Costa do Descobrimento;1991;17732;16929;23315;11835;11480;11346;5897;5449
2925402;Potiraguá;Médio Sudoeste da Bahia;1991;5298;5091;5630;2779;2851;4759;2519;2240
2925501;Prado;Extremo Sul;1991;11546;11086;9655;4778;4877;12977;6768;6209
2925600;Presidente Dutra;Irecê;1991;7034;6799;6352;3130;3222;7481;3904;3577
2925709;Presidente Jânio Quadros;Vitória da Conquista;1991;7126;6999;1493;730;763;12632;6396;6236
2925758;Presidente Tancredo Neves;Baixo Sul;1991;9625;8910;2136;1054;1082;16399;8571;7828
2925808;Queimadas;Sisal;1991;11441;11721;8431;3974;4457;14731;7467;7264
2925907;Quijingue;Sisal;1991;12373;11585;3389;1647;1742;20569;10726;9843
2925931;Quixabeira;Bacia do Jacuípe;1991;7029;6898;2710;1331;1379;11217;5698;5519
2925956;Rafael Jambeiro;Piemonte do Paraguaçu;1991;11033;11539;2549;1232;1317;20023;9801;10222
2926004;Remanso;Sertão do São Francisco;1991;17056;17325;17868;8484;9384;16513;8572;7941
2926103;Retirolândia;Sisal;1991;5620;5680;3882;1847;2035;7418;3773;3645
2926202;Riachão das Neves;Bacia do Rio Grande;1991;10445;9837;8921;4465;4456;11361;5980;5381
2926301;Riachão do Jacuípe;Bacia do Jacuípe;1991;18567;19043;14557;6883;7674;23053;11684;11369
2926400;Riacho de Santana;Velho Chico;1991;13706;13553;8373;4114;4259;18886;9592;9294
2926509;Ribeira do Amparo;Semi-Árido Nordeste II;1991;7126;6816;754;369;385;13188;6757;6431
2926608;Ribeira do Pombal;Semi-Árido Nordeste II;1991;20848;21661;20752;9761;10991;21757;11087;10670
2926657;Ribeirão do Largo;Vitória da Conquista;1991;5732;5198;2436;1226;1210;8494;4506;3988
2926707;Rio de Contas;Chapada Diamantina;1991;6787;7281;4539;2120;2419;9529;4667;4862
2926806;Rio do Antônio;Sertão Produtivo;1991;6607;6715;3883;1865;2018;9439;4742;4697
2926905;Rio do Pires;Bacia do Paramirim;1991;5835;6266;3239;1572;1667;8862;4263;4599
2927002;Rio Real;Litoral Norte e Agreste Baiano;1991;13918;13865;13917;6702;7215;13866;7216;6650
2927101;Rodelas;Itaparica;1991;2107;2191;3053;1468;1585;1245;639;606
2927200;Ruy Barbosa;Piemonte do Paraguaçu;1991;14787;15265;17114;8011;9103;12938;6776;6162
2927309;Salinas da Margarida;Metropolitana de Salvador;1991;4404;4487;3902;1870;2032;4989;2534;2455
2927408;Salvador;Metropolitana de Salvador;1991;977259;1098014;2073510;976347;1097163;1763;912;851
2927507;Santa Bárbara;Portal do Sertão;1991;8263;8505;4766;2180;2586;12002;6083;5919
2927606;Santa Brígida;Semi-Árido Nordeste II;1991;6597;6693;2840;1295;1545;10450;5302;5148
2927705;Santa Cruz Cabrália;Costa do Descobrimento;1991;3421;3114;3197;1625;1572;3338;1796;1542
2927804;Santa Cruz da Vitória;Médio Sudoeste da Bahia;1991;3410;3243;4527;2265;2262;2126;1145;981
2927903;Santa Inês;Vale de Jequiriçá;1991;4808;5240;9049;4284;4765;999;524;475
2928059;Santa Luzia;Litoral Sul;1991;8630;7689;7410;3716;3694;8909;4914;3995
2928109;Santa Maria da Vitória;Bacia do Rio Corrente;1991;20674;20854;20774;10228;10546;20754;10446;10308
2928406;Santa Rita de Cássia;Bacia do Rio Grande;1991;11861;11379;10621;5222;5399;12619;6639;5980
2928505;Santa Terezinha;Piemonte do Paraguaçu;1991;4430;4430;1378;665;713;7482;3765;3717
2928000;Santaluz;Sisal;1991;15446;15188;12704;6174;6530;17930;9272;8658
2928208;Santana;Bacia do Rio Corrente;1991;12496;12173;11589;5677;5912;13080;6819;6261
2928307;Santanópolis;Portal do Sertão;1991;4532;4798;785;382;403;8545;4150;4395
2928604;Santo Amaro;Recôncavo;1991;26630;27530;40894;19694;21200;13266;6936;6330
2928703;Santo Antônio de Jesus;Recôncavo;1991;30566;33765;52855;24677;28178;11476;5889;5587
2928802;Santo Estevão;Portal do Sertão;1991;17737;19270;12654;5862;6792;24353;11875;12478
2928901;São Desidério;Bacia do Rio Grande;1991;9696;9281;5539;2757;2782;13438;6939;6499
2928950;São Domingos;Sisal;1991;5182;5094;3442;1691;1751;6834;3491;3343
2929107;São Felipe;Recôncavo;1991;10249;9858;6906;3295;3611;13201;6954;6247
2929008;São Félix;Recôncavo;1991;5995;6187;7420;3540;3880;4762;2455;2307
2929057;São Félix do Coribe;Bacia do Rio Corrente;1991;6029;5887;6764;3357;3407;5152;2672;2480
2929206;São Francisco do Conde;Recôncavo;1991;10196;10042;15734;7838;7896;4504;2358;2146
2929255;São Gabriel;Irecê;1991;9224;8660;6997;3519;3478;10887;5705;5182
2929305;São Gonçalo dos Campos;Portal do Sertão;1991;11809;12479;11372;5304;6068;12916;6505;6411
2929354;São José da Vitória;Litoral Sul;1991;4510;4258;5217;2682;2535;3551;1828;1723
2929370;São José do Jacuípe;Bacia do Jacuípe;1991;7130;6970;3633;1882;1751;10467;5248;5219
2929404;São Miguel das Matas;Vale de Jequiriçá;1991;4694;4617;2040;972;1068;7271;3722;3549
2929503;São Sebastião do Passé;Recôncavo;1991;18365;18460;25806;12600;13206;11019;5765;5254
2929602;Sapeaçu;Recôncavo;1991;7351;7841;6347;2957;3390;8845;4394;4451
2929701;Sátiro Dias;Litoral Norte e Agreste Baiano;1991;6773;6906;2290;1060;1230;11389;5713;5676
2929750;Saubara;Recôncavo;1991;3954;4062;5469;2745;2724;2547;1209;1338
2929800;Saúde;Piemonte da Diamantina;1991;5633;5756;5515;2602;2913;5874;3031;2843
2929909;Seabra;Chapada Diamantina;1991;18839;19020;12432;5970;6462;25427;12869;12558
2930006;Sebastião Laranjeiras;Sertão Produtivo;1991;4662;4428;2529;1251;1278;6561;3411;3150
2930105;Senhor do Bonfim;Piemonte Norte do Itapicuru;1991;40995;42426;49087;23440;25647;34334;17555;16779
2930204;Sento Sé;Sertão do São Francisco;1991;14667;13720;12380;6204;6176;16007;8463;7544
2930154;Serra do Ramalho;Velho Chico;1991;17227;15937;2159;1099;1060;31005;16128;14877
2930303;Serra Dourada;Bacia do Rio Corrente;1991;9025;8448;4242;2093;2149;13231;6932;6299
2930402;Serra Preta;Bacia do Jacuípe;1991;8770;8886;488;242;246;17168;8528;8640
2930501;Serrinha;Sisal;1991;37388;38625;37854;17974;19880;38159;19414;18745
2930600;Serrolândia;Piemonte da Diamantina;1991;5788;6024;4743;2219;2524;7069;3569;3500
2930709;Simões Filho;Metropolitana de Salvador;1991;36461;36065;44419;22245;22174;28107;14216;13891
2930758;Sítio do Mato;Velho Chico;1991;4337;4362;5665;2795;2870;3034;1542;1492
2930766;Sítio do Quinto;Semi-Árido Nordeste II;1991;6016;6034;2147;1044;1103;9903;4972;4931
2930774;Sobradinho;Sertão do São Francisco;1991;10423;10785;19482;9517;9965;1726;906;820
2930808;Souto Soares;Chapada Diamantina;1991;9420;8936;2802;1442;1360;15554;7978;7576
2930907;Tabocas do Brejo Velho;Bacia do Rio Corrente;1991;5690;5591;2766;1353;1413;8515;4337;4178
2931004;Tanhaçu;Sertão Produtivo;1991;9169;9141;4969;2397;2572;13341;6772;6569
2931053;Tanque Novo;Bacia do Paramirim;1991;6323;6338;3346;1623;1723;9315;4700;4615
2931103;Tanquinho;Portal do Sertão;1991;5175;5105;5820;2854;2966;4460;2321;2139
2931202;Taperoá;Baixo Sul;1991;8615;8431;7308;3585;3723;9738;5030;4708
2931301;Tapiramutá;Piemonte do Paraguaçu;1991;6904;6787;8795;4334;4461;4896;2570;2326
2931350;Teixeira de Freitas;Extremo Sul;1991;42818;42729;74221;36917;37304;11326;5901;5425
2931400;Teodoro Sampaio;Portal do Sertão;1991;4752;4849;6490;3078;3412;3111;1674;1437
2931509;Teofilândia;Sisal;1991;10975;10595;3779;1859;1920;17791;9116;8675
2931608;Teolândia;Baixo Sul;1991;6412;6021;1759;815;944;10674;5597;5077
2931707;Terra Nova;Portal do Sertão;1991;5948;6290;10003;4800;5203;2235;1148;1087
2931806;Tremedal;Vitória da Conquista;1991;10496;10371;2757;1343;1414;18110;9153;8957
2931905;Tucano;Sisal;1991;23394;23224;10131;4735;5396;36487;18659;17828
2932002;Uauá;Sertão do São Francisco;1991;12084;12259;7251;3382;3869;17092;8702;8390
2932101;Ubaíra;Vale de Jequiriçá;1991;10615;10194;7085;3377;3708;13724;7238;6486
2932200;Ubaitaba;Litoral Sul;1991;10412;10650;12508;5937;6571;8554;4475;4079
2932309;Ubatã;Médio Rio de Contas;1991;12969;12931;19430;9437;9993;6470;3532;2938
2932408;Uibaí;Irecê;1991;6994;6622;6818;3413;3405;6798;3581;3217
2932457;Umburanas;Piemonte da Diamantina;1991;5953;5587;4564;2306;2258;6976;3647;3329
2932507;Una;Litoral Sul;1991;12378;11379;5347;2621;2726;18410;9757;8653
2932606;Urandi;Sertão Produtivo;1991;8044;7930;3472;1654;1818;12502;6390;6112
2932705;Uruçuca;Litoral Sul;1991;16242;14521;9040;4400;4640;21723;11842;9881
2932804;Utinga;Chapada Diamantina;1991;8553;8495;7449;3629;3820;9599;4924;4675
2932903;Valença;Baixo Sul;1991;33135;33796;43699;20965;22734;23232;12170;11062
2933000;Valente;Sisal;1991;8834;8996;6438;3009;3429;11392;5825;5567
2933059;Várzea da Roça;Bacia do Jacuípe;1991;6788;6660;3963;1907;2056;9485;4881;4604
2933109;Várzea do Poço;Bacia do Jacuípe;1991;4770;4863;4276;2008;2268;5357;2762;2595
2933158;Várzea Nova;Piemonte da Diamantina;1991;8747;8397;7117;3549;3568;10027;5198;4829
2933174;Varzedo;Recôncavo;1991;4423;4239;1704;841;863;6958;3582;3376
2933208;Vera Cruz;Metropolitana de Salvador;1991;11246;10890;20308;10311;9997;1828;935;893
2933257;Vereda;Extremo Sul;1991;4635;4279;961;493;468;7953;4142;3811
2933307;Vitória da Conquista;Vitória da Conquista;1991;109007;116084;188351;90084;98267;36740;18923;17817
2933406;Wagner;Chapada Diamantina;1991;3974;3860;4818;2364;2454;3016;1610;1406
2933455;Wanderley;Bacia do Rio Grande;1991;7009;6628;4706;2288;2418;8931;4721;4210
2933505;Wenceslau Guimarães;Baixo Sul;1991;8906;8348;4033;1963;2070;13221;6943;6278
2933604;Xique-Xique;Irecê;1991;19983;20390;26664;12874;13790;13709;7109;6600
2900108;Abaíra;Chapada Diamantina;2000;4498;4569;3559;1749;1810;5508;2749;2759
2900207;Abaré;Itaparica;2000;6805;6843;5528;2637;2891;8120;4168;3952
2900306;Acajutiba;Litoral Norte e Agreste Baiano;2000;7104;7218;12184;6012;6172;2138;1092;1046
2900355;Adustina;Semi-Árido Nordeste II;2000;7255;7047;4484;2171;2313;9818;5084;4734
2900405;Água Fria;Portal do Sertão;2000;7414;7304;4324;2045;2279;10394;5369;5025
2900603;Aiquara;Médio Rio de Contas;2000;2775;2540;2726;1381;1345;2589;1394;1195
2900702;Alagoinhas;Litoral Norte e Agreste Baiano;2000;62068;68027;112440;53033;59407;17655;9035;8620
2900801;Alcobaça;Extremo Sul;2000;10677;10223;7446;3656;3790;13454;7021;6433
2900900;Almadina;Litoral Sul;2000;4014;3848;5416;2657;2759;2446;1357;1089
2901007;Amargosa;Vale de Jequiriçá;2000;15147;15961;20884;9817;11067;10224;5330;4894
2901106;Amélia Rodrigues;Portal do Sertão;2000;11882;12252;19022;9295;9727;5112;2587;2525
2901155;América Dourada;Irecê;2000;8165;7794;10148;5100;5048;5811;3065;2746
2901205;Anagé;Vitória da Conquista;2000;15963;15097;4208;2127;2081;26852;13836;13016
2901304;Andaraí;Chapada Diamantina;2000;7079;6805;7166;3538;3628;6718;3541;3177
2901353;Andorinha;Piemonte Norte do Itapicuru;2000;8183;7591;4335;2159;2176;11439;6024;5415
2901403;Angical;Bacia do Rio Grande;2000;7870;6831;6035;3078;2957;8666;4792;3874
2901502;Anguera;Portal do Sertão;2000;4297;4537;3456;1653;1803;5378;2644;2734
2901601;Antas;Semi-Árido Nordeste II;2000;7007;7052;5014;2429;2585;9045;4578;4467
2901700;Antônio Cardoso;Portal do Sertão;2000;5819;5801;2316;1152;1164;9304;4667;4637
2901809;Antônio Gonçalves;Piemonte Norte do Itapicuru;2000;4905;4811;5260;2561;2699;4456;2344;2112
2901908;Aporá;Litoral Norte e Agreste Baiano;2000;8544;8225;6546;3214;3332;10223;5330;4893
2901957;Apuarema;Médio Rio de Contas;2000;3943;3500;4382;2253;2129;3061;1690;1371
2902054;Araçás;Litoral Norte e Agreste Baiano;2000;5565;5438;5330;2603;2727;5673;2962;2711
2902005;Aracatu;Vitória da Conquista;2000;7911;7580;3187;1522;1665;12304;6389;5915
2902104;Araci;Sisal;2000;24101;23483;16189;7887;8302;31395;16214;15181
2902203;Aramari;Litoral Norte e Agreste Baiano;2000;4617;4641;4291;2098;2193;4967;2519;2448
2902252;Arataca;Litoral Sul;2000;6062;5156;5483;2806;2677;5735;3256;2479
2902302;Aratuípe;Baixo Sul;2000;4308;4073;4787;2380;2407;3594;1928;1666
2902401;Aurelino Leal;Litoral Sul;2000;8681;8468;13940;6908;7032;3209;1773;1436
2902500;Baianópolis;Bacia do Rio Grande;2000;6258;5921;2727;1365;1362;9452;4893;4559
2902609;Baixa Grande;Bacia do Jacuípe;2000;10222;10219;7126;3410;3716;13315;6812;6503
2902658;Banzaê;Semi-Árido Nordeste II;2000;5666;5490;3414;1696;1718;7742;3970;3772
2902708;Barra;Velho Chico;2000;22599;21604;19641;9650;9991;24562;12949;11613
2902807;Barra da Estiva;Chapada Diamantina;2000;12279;12161;8933;4350;4583;15507;7929;7578
2902906;Barra do Choça;Vitória da Conquista;2000;20736;20082;17721;8828;8893;23097;11908;11189
2903003;Barra do Mendes;Irecê;2000;6779;6831;5579;2642;2937;8031;4137;3894
2903102;Barra do Rocha;Médio Rio de Contas;2000;4302;3772;3425;1725;1700;4649;2577;2072
2903201;Barreiras;Bacia do Rio Grande;2000;66177;65672;115784;57563;58221;16065;8614;7451
2903235;Barro Alto;Irecê;2000;6177;5921;5176;2591;2585;6922;3586;3336
2903300;Barro Preto/Lomanto Junior;Litoral Sul;2000;4478;4124;5159;2589;2570;3443;1889;1554
2903276;Barrocas;Sisal;2000;;;;;;;;
2903409;Belmonte;Costa do Descobrimento;2000;10172;9860;10806;5315;5491;9226;4857;4369
2903508;Belo Campo;Vitória da Conquista;2000;9001;8654;8082;3964;4118;9573;5037;4536
2903607;Biritinga;Sisal;2000;7537;7104;2347;1118;1229;12294;6419;5875
2903706;Boa Nova;Médio Rio de Contas;2000;10515;10029;4589;2229;2360;15955;8286;7669
2903805;Boa Vista do Tupim;Piemonte do Paraguaçu;2000;9412;8996;5840;2824;3016;12568;6588;5980
2903904;Bom Jesus da Lapa;Velho Chico;2000;27168;27253;37726;18389;19337;16695;8779;7916
2903953;Bom Jesus da Serra;Vitória da Conquista;2000;5347;5155;1953;960;993;8549;4387;4162
2904001;Boninal;Chapada Diamantina;2000;6105;6356;3821;1872;1949;8640;4233;4407
2904050;Bonito;Chapada Diamantina;2000;6551;6351;5501;2730;2771;7401;3821;3580
2904100;Boquira;Bacia do Paramirim;2000;10893;11228;6600;3107;3493;15521;7786;7735
2904209;Botuporã;Bacia do Paramirim;2000;5756;5766;3251;1575;1676;8271;4181;4090
2904308;Brejões;Vale de Jequiriçá;2000;7655;7689;4568;2187;2381;10776;5468;5308
2904407;Brejolândia;Bacia do Rio Corrente;2000;4539;4223;1832;877;955;6930;3662;3268
2904506;Brotas de Macaúbas;Velho Chico;2000;6579;6424;3050;1510;1540;9953;5069;4884
2904605;Brumado;Sertão Produtivo;2000;30427;31243;40710;19623;21087;20960;10804;10156
2904704;Buerarema;Litoral Sul;2000;9591;9527;16249;8021;8228;2869;1570;1299
2904753;Buritirama;Bacia do Rio Grande;2000;9292;8505;5924;2951;2973;11873;6341;5532
2904803;Caatiba;Médio Sudoeste da Bahia;2000;7877;7631;4428;2207;2221;11080;5670;5410
2904852;Cabaceiras do Paraguaçu;Recôncavo;2000;7703;7844;3305;1596;1709;12242;6107;6135
2904902;Cachoeira;Recôncavo;2000;14885;15531;15831;7432;8399;14585;7453;7132
2905008;Caculé;Sertão Produtivo;2000;10168;10171;11531;5595;5936;8808;4573;4235
2905107;Caém;Piemonte da Diamantina;2000;6339;6224;3377;1652;1725;9186;4687;4499
2905156;Caetanos;Vitória da Conquista;2000;6756;6320;2312;1179;1133;10764;5577;5187
2905206;Caetité;Sertão Produtivo;2000;22269;22821;23459;11157;12302;21631;11112;10519
2905305;Cafarnaum;Irecê;2000;8217;7842;9209;4617;4592;6850;3600;3250
2905404;Cairu;Baixo Sul;2000;5873;5537;6981;3514;3467;4429;2359;2070
2905503;Caldeirão Grande;Piemonte Norte do Itapicuru;2000;5694;5701;4081;1959;2122;7314;3735;3579
2905602;Camacan;Litoral Sul;2000;15620;15435;24282;11972;12310;6773;3648;3125
2905701;Camaçari;Metropolitana de Salvador;2000;80962;80765;154402;77068;77334;7325;3894;3431
2905800;Camamu;Baixo Sul;2000;17452;16209;12107;5928;6179;21554;11524;10030
2905909;Campo Alegre de Lourdes;Sertão do São Francisco;2000;13822;13785;6539;3130;3409;21068;10692;10376
2906006;Campo Formoso;Piemonte Norte do Itapicuru;2000;31370;30572;21003;10142;10861;40939;21228;19711
2906105;Canápolis;Bacia do Rio Corrente;2000;4922;4821;2538;1232;1306;7205;3690;3515
2906204;Canarana;Irecê;2000;11005;10660;9755;4760;4995;11910;6245;5665
2906303;Canavieiras;Litoral Sul;2000;17947;17375;26343;12912;13431;8979;5035;3944
2906402;Candeal;Sisal;2000;5071;5050;3417;1626;1791;6704;3445;3259
2906501;Candeias;Metropolitana de Salvador;2000;38026;38757;69127;33998;35129;7656;4028;3628
2906600;Candiba;Sertão Produtivo;2000;6170;5954;6159;3052;3107;5965;3118;2847
2906709;Cândido Sales;Vitória da Conquista;2000;14377;14139;18924;9456;9468;9592;4921;4671
2906808;Cansanção;Sisal;2000;16049;15898;9221;4450;4771;22726;11599;11127
2906824;Canudos;Sertão do São Francisco;2000;6957;6804;7012;3411;3601;6749;3546;3203
2906857;Capela do Alto Alegre;Bacia do Jacuípe;2000;6014;5884;4533;2190;2343;7365;3824;3541
2906873;Capim Grosso;Piemonte da Diamantina;2000;11793;12115;17861;8705;9156;6047;3088;2959
2906899;Caraíbas;Vitória da Conquista;2000;8728;8436;1424;707;717;15740;8021;7719
2906907;Caravelas;Extremo Sul;2000;10228;9875;10332;5162;5170;9771;5066;4705
2907004;Cardeal da Silva;Litoral Norte e Agreste Baiano;2000;4071;3963;2832;1413;1419;5202;2658;2544
2907103;Carinhanha;Velho Chico;2000;14010;13262;10483;5165;5318;16789;8845;7944
2907202;Casa Nova;Sertão do São Francisco;2000;28473;27257;27266;13465;13801;28464;15008;13456
2907301;Castro Alves;Recôncavo;2000;12437;13124;14647;6913;7734;10914;5524;5390
2907400;Catolândia;Bacia do Rio Grande;2000;1608;1484;848;423;425;2244;1185;1059
2907509;Catu;Litoral Norte e Agreste Baiano;2000;22794;23937;37816;18154;19662;8915;4640;4275
2907558;Caturama;Bacia do Paramirim;2000;4367;4273;1563;744;819;7077;3623;3454
2907608;Central;Irecê;2000;8471;8321;7637;3745;3892;9155;4726;4429
2907707;Chorrochó;Itaparica;2000;5097;5074;2155;1019;1136;8016;4078;3938
2907806;Cícero Dantas;Semi-Árido Nordeste II;2000;15203;15731;15797;7511;8286;15137;7692;7445
2907905;Cipó;Semi-Árido Nordeste II;2000;6969;7316;9527;4566;4961;4758;2403;2355
2908002;Coaraci;Litoral Sul;2000;13832;14020;23269;11404;11865;4583;2428;2155
2908101;Côcos;Bacia do Rio Corrente;2000;9101;8510;6424;3211;3213;11187;5890;5297
2908200;Conceição da Feira;Portal do Sertão;2000;8549;8965;11237;5339;5898;6277;3210;3067
2908309;Conceição do Almeida;Recôncavo;2000;9288;9624;8318;3951;4367;10594;5337;5257
2908408;Conceição do Coité;Sisal;2000;28209;28108;28026;13484;14542;28291;14725;13566
2908507;Conceição do Jacuípe;Portal do Sertão;2000;12851;13343;19466;9467;9999;6728;3384;3344
2908606;Conde;Litoral Norte e Agreste Baiano;2000;10210;10216;10492;5044;5448;9934;5166;4768
2908705;Condeúba;Vitória da Conquista;2000;8997;9050;6331;2964;3367;11716;6033;5683
2908804;Contendas do Sincorá;Sertão Produtivo;2000;2153;2111;2331;1132;1199;1933;1021;912
2908903;Coração de Maria;Portal do Sertão;2000;11809;12009;7528;3565;3963;16290;8244;8046
2909000;Cordeiros;Vitória da Conquista;2000;4066;4127;2100;1018;1082;6093;3048;3045
2909109;Coribe;Bacia do Rio Corrente;2000;7807;7341;5695;2813;2882;9453;4994;4459
2909208;Coronel João Sá;Semi-Árido Nordeste II;2000;9985;9680;5538;2725;2813;14127;7260;6867
2909307;Correntina;Bacia do Rio Corrente;2000;15290;15293;11355;5479;5876;19228;9811;9417
2909406;Cotegipe;Bacia do Rio Grande;2000;6933;6441;6547;3271;3276;6827;3662;3165
2909505;Cravolândia;Vale de Jequiriçá;2000;2525;2476;3000;1481;1519;2001;1044;957
2909604;Crisópolis;Litoral Norte e Agreste Baiano;2000;9780;9257;6855;3415;3440;12182;6365;5817
2909703;Cristópolis;Bacia do Rio Grande;2000;6495;6167;2675;1327;1348;9987;5168;4819
2909802;Cruz das Almas;Recôncavo;2000;25229;27820;39604;18413;21191;13445;6816;6629
2909901;Curaçá;Sertão do São Francisco;2000;14757;14084;10775;5168;5607;18066;9589;8477
2910008;Dário Meira;Médio Rio de Contas;2000;7916;7306;4931;2535;2396;10291;5381;4910
2910057;Dias D'Ávila;Metropolitana de Salvador;2000;22484;22849;42673;21078;21595;2660;1406;1254
2910107;Dom Basílio;Sertão Produtivo;2000;5399;5028;1521;754;767;8906;4645;4261
2910206;Dom Macedo Costa;Recôncavo;2000;1836;1912;1297;607;690;2451;1229;1222
2910305;Elísio Medrado;Vale de Jequiriçá;2000;3925;3935;2514;1183;1331;5346;2742;2604
2910404;Encruzilhada;Vitória da Conquista;2000;17093;15831;4983;2468;2515;27941;14625;13316
2910503;Entre Rios;Litoral Norte e Agreste Baiano;2000;18682;18831;23019;11223;11796;14494;7459;7035
2900504;Érico Cardoso;Bacia do Paramirim;2000;6078;6082;1322;630;692;10838;5448;5390
2910602;Esplanada;Litoral Norte e Agreste Baiano;2000;13597;13633;17538;8535;9003;9692;5062;4630
2910701;Euclides da Cunha;Semi-Árido Nordeste II;2000;27224;26661;24531;11841;12690;29354;15383;13971
2910727;Eunápolis;Costa do Descobrimento;2000;41412;42708;79161;38811;40350;4959;2601;2358
2910750;Fátima;Semi-Árido Nordeste II;2000;9248;9050;6343;3075;3268;11955;6173;5782
2910776;Feira da Mata;Velho Chico;2000;3193;3042;2822;1379;1443;3413;1814;1599
2910800;Feira de Santana;Portal do Sertão;2000;229656;251293;431730;204967;226763;49219;24689;24530
2910859;Filadélfia;Piemonte Norte do Itapicuru;2000;8757;8437;7966;3909;4057;9228;4848;4380
2910909;Firmino Alves;Médio Sudoeste da Bahia;2000;2650;2520;3806;1922;1884;1364;728;636
2911006;Floresta Azul;Litoral Sul;2000;5982;5632;7548;3754;3794;4066;2228;1838
2911105;Formosa do Rio Preto;Bacia do Rio Grande;2000;9417;8871;9381;4625;4756;8907;4792;4115
2911204;Gandu;Baixo Sul;2000;13502;13658;22060;10762;11298;5100;2740;2360
2911253;Gavião;Bacia do Jacuípe;2000;2473;2319;2203;1120;1083;2589;1353;1236
2911303;Gentio do Ouro;Irecê;2000;5223;4950;4902;2446;2456;5271;2777;2494
2911402;Glória;Itaparica;2000;7187;7372;2365;1114;1251;12194;6073;6121
2911501;Gongogi;Médio Rio de Contas;2000;5458;5064;6250;3073;3177;4272;2385;1887
2911600;Governador Mangabeira;Recôncavo;2000;8415;8750;6684;3199;3485;10481;5216;5265
2911659;Guajeru;Vitória da Conquista;2000;6385;6451;1723;818;905;11113;5567;5546
2911709;Guanambi;Sertão Produtivo;2000;35128;36600;54003;25994;28009;17725;9134;8591
2911808;Guaratinga;Costa do Descobrimento;2000;12849;11470;10017;5023;4994;14302;7826;6476
2911857;Heliópolis;Semi-Árido Nordeste II;2000;6694;6414;4232;2060;2172;8876;4634;4242
2911907;Iaçu;Piemonte do Paraguaçu;2000;14282;14219;21636;10616;11020;6865;3666;3199
2912004;Ibiassucê;Sertão Produtivo;2000;6617;6211;4037;2025;2012;8791;4592;4199
2912103;Ibicaraí;Litoral Sul;2000;14393;14468;19333;9426;9907;9528;4967;4561
2912202;Ibicoara;Chapada Diamantina;2000;7382;7071;4016;1965;2051;10437;5417;5020
2912301;Ibicuí;Médio Sudoeste da Bahia;2000;7824;7305;10454;5239;5215;4675;2585;2090
2912400;Ibipeba;Irecê;2000;7944;7418;9282;4718;4564;6080;3226;2854
2912509;Ibipitanga;Bacia do Paramirim;2000;6704;6715;3663;1744;1919;9756;4960;4796
2912608;Ibiquera;Piemonte do Paraguaçu;2000;2286;2209;2493;1216;1277;2002;1070;932
2912707;Ibirapitanga;Baixo Sul;2000;11364;10813;6363;3105;3258;15814;8259;7555
2912806;Ibirapoã;Extremo Sul;2000;3625;3471;3573;1796;1777;3523;1829;1694
2912905;Ibirataia;Médio Rio de Contas;2000;12310;12431;18726;9170;9556;6015;3140;2875
2913002;Ibitiara;Chapada Diamantina;2000;7125;7318;2714;1261;1453;11729;5864;5865
2913101;Ibititá;Irecê;2000;9174;8731;8060;4023;4037;9845;5151;4694
2913200;Ibotirama;Velho Chico;2000;12313;11836;16384;8106;8278;7765;4207;3558
2913309;Ichu;Sisal;2000;2783;2810;2663;1313;1350;2930;1470;1460
2913408;Igaporã;Velho Chico;2000;7326;7231;7101;3434;3667;7456;3892;3564
2913457;Igrapiúna;Baixo Sul;2000;7927;7033;2377;1175;1202;12583;6752;5831
2913507;Iguaí;Médio Sudoeste da Bahia;2000;12953;12181;12557;6274;6283;12577;6679;5898
2913606;Ilhéus;Litoral Sul;2000;110445;111682;162125;78680;83445;60002;31765;28237
2913705;Inhambupe;Litoral Norte e Agreste Baiano;2000;14818;14771;12581;6074;6507;17008;8744;8264
2913804;Ipecaetá;Portal do Sertão;2000;9049;9334;2065;1013;1052;16318;8036;8282
2913903;Ipiaú;Médio Rio de Contas;2000;21464;22157;37924;18406;19518;5697;3058;2639
2914000;Ipirá;Bacia do Jacuípe;2000;30476;31270;23320;10967;12353;38426;19509;18917
2914109;Ipupiara;Irecê;2000;4372;4169;5184;2590;2594;3357;1782;1575
2914208;Irajuba;Vale de Jequiriçá;2000;3286;3076;2717;1361;1356;3645;1925;1720
2914307;Iramaia;Chapada Diamantina;2000;8960;8593;7682;3795;3887;9871;5165;4706
2914406;Iraquara;Chapada Diamantina;2000;9065;9269;5330;2570;2760;13004;6495;6509
2914505;Irará;Portal do Sertão;2000;12417;12746;8657;4053;4604;16506;8364;8142
2914604;Irecê;Irecê;2000;28203;29233;53143;25948;27195;4293;2255;2038
2914653;Itabela;Costa do Descobrimento;2000;13207;12539;18837;9544;9293;6909;3663;3246
2914703;Itaberaba;Piemonte do Paraguaçu;2000;28760;30183;44517;21138;23379;14426;7622;6804
2914802;Itabuna;Litoral Sul;2000;94385;102290;191184;91387;99797;5491;2998;2493
2914901;Itacaré;Litoral Sul;2000;9614;8506;7951;4036;3915;10169;5578;4591
2915007;Itaeté;Chapada Diamantina;2000;7102;6904;5454;2630;2824;8552;4472;4080
2915106;Itagi;Médio Rio de Contas;2000;7471;7158;9986;4991;4995;4643;2480;2163
2915205;Itagibá;Médio Rio de Contas;2000;8900;8291;8767;4368;4399;8424;4532;3892
2915304;Itagimirim;Costa do Descobrimento;2000;3959;3769;5941;3014;2927;1787;945;842
2915353;Itaguaçu da Bahia;Irecê;2000;5936;5373;1987;992;995;9322;4944;4378
2915403;Itaju do Colônia;Litoral Sul;2000;4373;4207;6441;3171;3270;2139;1202;937
2915502;Itajuípe;Litoral Sul;2000;11403;11108;16123;7989;8134;6388;3414;2974
2915601;Itamaraju;Extremo Sul;2000;32318;31826;48037;23599;24438;16107;8719;7388
2915700;Itamari;Médio Rio de Contas;2000;4370;3977;5488;2785;2703;2859;1585;1274
2915809;Itambé;Médio Sudoeste da Bahia;2000;15244;15606;22175;10918;11257;8675;4326;4349
2915908;Itanagra;Litoral Norte e Agreste Baiano;2000;3308;3062;1859;954;905;4511;2354;2157
2916005;Itanhém;Extremo Sul;2000;10880;10454;14090;6965;7125;7244;3915;3329
2916104;Itaparica;Metropolitana de Salvador;2000;9318;9627;18945;9318;9627;0;0;0
2916203;Itapé;Litoral Sul;2000;7270;7369;8666;4153;4513;5973;3117;2856
2916302;Itapebi;Costa do Descobrimento;2000;5778;5348;8542;4338;4204;2584;1440;1144
2916401;Itapetinga;Médio Sudoeste da Bahia;2000;28530;29401;55182;26991;28191;2749;1539;1210
2916500;Itapicuru;Litoral Norte e Agreste Baiano;2000;13979;13336;5085;2443;2642;22230;11536;10694
2916609;Itapitanga;Litoral Sul;2000;5310;5072;7095;3524;3571;3287;1786;1501
2916708;Itaquara;Vale de Jequiriçá;2000;4011;3850;4165;2068;2097;3696;1943;1753
2916807;Itarantim;Médio Sudoeste da Bahia;2000;8718;8205;12960;6492;6468;3963;2226;1737
2916856;Itatim;Piemonte do Paraguaçu;2000;6371;6329;8700;4249;4451;4000;2122;1878
2916906;Itiruçu;Vale de Jequiriçá;2000;6663;6922;9871;4730;5141;3714;1933;1781
2917003;Itiúba;Sisal;2000;18023;17520;8864;4262;4602;26679;13761;12918
2917102;Itororó;Médio Sudoeste da Bahia;2000;10016;9783;16627;8247;8380;3172;1769;1403
2917201;Ituaçu;Sertão Produtivo;2000;8552;8716;4429;2077;2352;12839;6475;6364
2917300;Ituberá;Baixo Sul;2000;12226;11907;15910;7714;8196;8223;4512;3711
2917334;Iuiu;Sertão Produtivo;2000;5444;5045;4571;2297;2274;5918;3147;2771
2917359;Jaborandi;Bacia do Rio Corrente;2000;5333;4955;2023;971;1052;8265;4362;3903
2917409;Jacaraci;Vitória da Conquista;2000;6778;6742;3651;1785;1866;9869;4993;4876
2917508;Jacobina;Piemonte da Diamantina;2000;37422;39070;52088;24922;27166;24404;12500;11904
2917607;Jaguaquara;Vale de Jequiriçá;2000;23093;23528;35103;16956;18147;11518;6137;5381
2917706;Jaguarari;Piemonte Norte do Itapicuru;2000;13944;13468;13381;6564;6817;14031;7380;6651
2917805;Jaguaripe;Baixo Sul;2000;6890;6532;4632;2320;2312;8790;4570;4220
2917904;Jandaíra;Litoral Norte e Agreste Baiano;2000;5207;4820;5507;2819;2688;4520;2388;2132
2918001;Jequié;Médio Rio de Contas;2000;71899;75303;130296;62749;67547;16906;9150;7756
2918100;Jeremoabo;Semi-Árido Nordeste II;2000;17786;17130;14764;7162;7602;20152;10624;9528
2918209;Jiquiriçá;Vale de Jequiriçá;2000;6992;6646;4588;2193;2395;9050;4799;4251
2918308;Jitaúna;Médio Rio de Contas;2000;10738;10318;9568;4777;4791;11488;5961;5527
2918357;João Dourado;Irecê;2000;9640;9327;11441;5745;5696;7526;3895;3631
2918407;Juazeiro;Sertão do São Francisco;2000;86339;88228;133278;64509;68769;41289;21830;19459
2918456;Jucuruçu;Extremo Sul;2000;6555;5822;1850;943;907;10527;5612;4915
2918506;Jussara;Irecê;2000;7967;7372;9865;5059;4806;5474;2908;2566
2918555;Jussari;Litoral Sul;2000;3908;3648;5124;2591;2533;2432;1317;1115
2918605;Jussiape;Chapada Diamantina;2000;4847;5204;3766;1812;1954;6285;3035;3250
2918704;Lafayette Coutinho;Vale de Jequiriçá;2000;2141;1961;1921;954;967;2181;1187;994
2919058;Lagedo do Tabocal;Vale de Jequiriçá;2000;4103;3997;4608;2275;2333;3492;1828;1664
2918753;Lagoa Real;Sertão Produtivo;2000;6573;6192;2006;961;1045;10759;5612;5147
2918803;Laje;Vale de Jequiriçá;2000;10028;9573;5118;2462;2656;14483;7566;6917
2918902;Lajedão;Extremo Sul;2000;1733;1676;1852;899;953;1557;834;723
2919009;Lajedinho;Piemonte do Paraguaçu;2000;2245;2107;1154;573;581;3198;1672;1526
2919108;Lamarão;Sisal;2000;4812;4711;1928;941;987;7595;3871;3724
2919157;Lapão;Irecê;2000;12646;12081;9222;4609;4613;15505;8037;7468
2919207;Lauro de Freitas;Metropolitana de Salvador;2000;55529;58014;108385;52924;55461;5158;2605;2553
2919306;Lençóis;Chapada Diamantina;2000;4417;4493;6395;3108;3287;2515;1309;1206
2919405;Licínio de Almeida;Vitória da Conquista;2000;6305;6044;5957;2929;3028;6392;3376;3016
2919504;Livramento de N. Senhora;Sertão Produtivo;2000;19202;18823;16724;8124;8600;21301;11078;10223
2919553;Luís Eduardo Magalhães;Bacia do Rio Grande;2000;;;;;;;;
2919603;Macajuba;Piemonte do Paraguaçu;2000;5728;5746;4405;2128;2277;7069;3600;3469
2919702;Macarani;Médio Sudoeste da Bahia;2000;7388;7206;10719;5236;5483;3875;2152;1723
2919801;Macaúbas;Bacia do Paramirim;2000;20816;20990;11681;5567;6114;30125;15249;14876
2919900;Macururé;Itaparica;2000;4248;4364;2355;1085;1270;6257;3163;3094
2919926;Madre de Deus;Metropolitana de Salvador;2000;5913;6123;11599;5683;5916;437;230;207
2919959;Maetinga;Vitória da Conquista;2000;7001;6685;1974;996;978;11712;6005;5707
2920007;Maiquinique;Médio Sudoeste da Bahia;2000;3789;3537;5208;2626;2582;2118;1163;955
2920106;Mairi;Bacia do Jacuípe;2000;9918;10167;9595;4534;5061;10490;5384;5106
2920205;Malhada;Velho Chico;2000;8003;7611;6073;3027;3046;9541;4976;4565
2920304;Malhada de Pedras;Sertão Produtivo;2000;4300;4126;2348;1173;1175;6078;3127;2951
2920403;Manoel Vitorino;Médio Rio de Contas;2000;8427;8277;6783;3321;3462;9921;5106;4815
2920452;Mansidão;Bacia do Rio Grande;2000;5799;5247;2334;1166;1168;8712;4633;4079
2920502;Maracás;Vale de Jequiriçá;2000;15868;15815;18516;8979;9537;13167;6889;6278
2920601;Maragogipe;Recôncavo;2000;20284;20030;21043;10127;10916;19271;10157;9114
2920700;Maraú;Litoral Sul;2000;9720;8646;2849;1393;1456;15517;8327;7190
2920809;Marcionílio Souza;Chapada Diamantina;2000;5438;5337;5097;2468;2629;5678;2970;2708
2920908;Mascote;Litoral Sul;2000;8207;7886;11853;5921;5932;4240;2286;1954
2921005;Mata de São João;Litoral Norte e Agreste Baiano;2000;16382;16186;24969;12318;12651;7599;4064;3535
2921054;Matina;Velho Chico;2000;5230;5012;2759;1345;1414;7483;3885;3598
2921104;Medeiros Neto;Extremo Sul;2000;10701;10534;16027;7898;8129;5208;2803;2405
2921203;Miguel Calmon;Piemonte da Diamantina;2000;14222;14045;14819;7123;7696;13448;7099;6349
2921302;Milagres;Vale de Jequiriçá;2000;5965;6102;9359;4556;4803;2708;1409;1299
2921401;Mirangaba;Piemonte da Diamantina;2000;7156;7105;4713;2286;2427;9548;4870;4678
2921450;Mirante;Vitória da Conquista;2000;6808;6858;1279;631;648;12387;6177;6210
2921500;Monte Santo;Sisal;2000;28016;26536;7226;3476;3750;47326;24540;22786
2921609;Morpará;Velho Chico;2000;4419;4178;5494;2726;2768;3103;1693;1410
2921708;Morro do Chapéu;Chapada Diamantina;2000;17402;17092;19793;9539;10254;14701;7863;6838
2921807;Mortugaba;Vitória da Conquista;2000;6205;6393;4994;2385;2609;7604;3820;3784
2921906;Mucugê;Chapada Diamantina;2000;6905;6777;3317;1608;1709;10365;5297;5068
2922003;Mucuri;Extremo Sul;2000;14328;13734;18685;9318;9367;9377;5010;4367
2922052;Mulungu do Morro;Irecê;2000;7542;7577;6159;3070;3089;8960;4472;4488
2922102;Mundo Novo;Piemonte do Paraguaçu;2000;10716;10557;11129;5398;5731;10144;5318;4826
2922201;Muniz Ferreira;Recôncavo;2000;3552;3389;3301;1637;1664;3640;1915;1725
2922250;Muquém do São Francisco;Velho Chico;2000;4819;4233;997;518;479;8055;4301;3754
2922300;Muritiba;Recôncavo;2000;14643;16001;17905;8371;9534;12739;6272;6467
2922409;Mutuípe;Vale de Jequiriçá;2000;10137;10325;8984;4186;4798;11478;5951;5527
2922508;Nazaré;Recôncavo;2000;12742;13623;23011;10969;12042;3354;1773;1581
2922607;Nilo Peçanha;Baixo Sul;2000;5873;5340;2495;1262;1233;8718;4611;4107
2922656;Nordestina;Sisal;2000;6124;5676;2875;1444;1431;8925;4680;4245
2922706;Nova Canaã;Médio Sudoeste da Bahia;2000;7952;7414;5973;2959;3014;9393;4993;4400
2922730;Nova Fátima;Bacia do Jacuípe;2000;3779;3757;4441;2150;2291;3095;1629;1466
2922755;Nova Ibiá;Médio Rio de Contas;2000;3669;3497;2534;1253;1281;4632;2416;2216
2922805;Nova Itarana;Vale de Jequiriçá;2000;3311;3281;2497;1228;1269;4095;2083;2012
2922854;Nova Redenção;Chapada Diamantina;2000;4384;4252;4492;2201;2291;4144;2183;1961
2922904;Nova Soure;Semi-Árido Nordeste II;2000;12334;12071;10869;5216;5653;13536;7118;6418
2923001;Nova Viçosa;Extremo Sul;2000;16272;15804;24636;12380;12256;7440;3892;3548
2923035;Novo Horizonte;Chapada Diamantina;2000;4282;4220;2000;996;1004;6502;3286;3216
2923050;Novo Triunfo;Semi-Árido Nordeste II;2000;6495;7104;5247;2482;2765;8352;4013;4339
2923100;Olindina;Litoral Norte e Agreste Baiano;2000;11967;11942;11152;5396;5756;12757;6571;6186
2923209;Oliveira dos Brejinhos;Velho Chico;2000;11120;10550;5817;2866;2951;15853;8254;7599
2923308;Ouriçangas;Litoral Norte e Agreste Baiano;2000;3778;3747;2584;1258;1326;4941;2520;2421
2923357;Ourolândia;Piemonte da Diamantina;2000;7878;7478;4458;2170;2288;10898;5708;5190
2923407;Palmas de Monte Alto;Sertão Produtivo;2000;10232;9867;6657;3217;3440;13442;7015;6427
2923506;Palmeiras;Chapada Diamantina;2000;3719;3799;3999;1914;2085;3519;1805;1714
2923605;Paramirim;Bacia do Paramirim;2000;9494;9427;7883;3808;4075;11038;5686;5352
2923704;Paratinga;Velho Chico;2000;14053;13626;9067;4368;4699;18612;9685;8927
2923803;Paripiranga;Semi-Árido Nordeste II;2000;13129;13462;7781;3686;4095;18810;9443;9367
2923902;Pau Brasil;Litoral Sul;2000;6710;6338;8740;4305;4435;4308;2405;1903
2924009;Paulo Afonso;Itaparica;2000;46680;49819;82584;39498;43086;13915;7182;6733
2924058;Pé de Serra;Bacia do Jacuípe;2000;6863;6668;4111;1994;2117;9420;4869;4551
2924108;Pedrão;Litoral Norte e Agreste Baiano;2000;3433;3331;1457;699;758;5307;2734;2573
2924207;Pedro Alexandre;Semi-Árido Nordeste II;2000;8666;8287;2131;1011;1120;14822;7655;7167
2924306;Piatã;Chapada Diamantina;2000;9228;9749;5771;2773;2998;13206;6455;6751
2924405;Pilão Arcado;Sertão do São Francisco;2000;15495;15218;7865;3800;4065;22848;11695;11153
2924504;Pindaí;Sertão Produtivo;2000;7883;7611;3631;1775;1856;11863;6108;5755
2924603;Pindobaçu;Piemonte Norte do Itapicuru;2000;10886;9983;10456;5246;5210;10413;5640;4773
2924652;Pintadas;Bacia do Jacuípe;2000;5487;5440;4076;1978;2098;6851;3509;3342
2924678;Piraí do Norte;Baixo Sul;2000;5450;4975;2787;1384;1403;7638;4066;3572
2924702;Piripá;Vitória da Conquista;2000;7734;8394;5248;2446;2802;10880;5288;5592
2924801;Piritiba;Piemonte do Paraguaçu;2000;9500;9537;12728;6193;6535;6309;3307;3002
2924900;Planaltino;Vale de Jequiriçá;2000;4139;3824;2990;1504;1486;4973;2635;2338
2925006;Planalto;Vitória da Conquista;2000;10892;10815;12537;6188;6349;9170;4704;4466
2925105;Poções;Vitória da Conquista;2000;21890;22323;31801;15460;16341;12412;6430;5982
2925204;Pojuca;Litoral Norte e Agreste Baiano;2000;12864;13339;21884;10614;11270;4319;2250;2069
2925253;Ponto Novo;Piemonte Norte do Itapicuru;2000;8580;8607;6767;3336;3431;10420;5244;5176
2925303;Porto Seguro;Costa do Descobrimento;2000;48704;47017;79619;40198;39421;16102;8506;7596
2925402;Potiraguá;Médio Sudoeste da Bahia;2000;7418;7161;7546;3768;3778;7033;3650;3383
2925501;Prado;Extremo Sul;2000;13588;12910;14169;6991;7178;12329;6597;5732
2925600;Presidente Dutra;Irecê;2000;7085;6645;7659;3828;3831;6071;3257;2814
2925709;Presidente Jânio Quadros;Vitória da Conquista;2000;8711;8334;2913;1418;1495;14132;7293;6839
2925758;Presidente Tancredo Neves;Baixo Sul;2000;10103;9301;6221;3138;3083;13183;6965;6218
2925808;Queimadas;Sisal;2000;12347;12266;9783;4705;5078;14830;7642;7188
2925907;Quijingue;Sisal;2000;13752;12624;4892;2358;2534;21484;11394;10090
2925931;Quixabeira;Bacia do Jacuípe;2000;4821;4645;3130;1540;1590;6336;3281;3055
2925956;Rafael Jambeiro;Piemonte do Paraguaçu;2000;11117;11483;4902;2377;2525;17698;8740;8958
2926004;Remanso;Sertão do São Francisco;2000;18200;18057;21015;10195;10820;15242;8005;7237
2926103;Retirolândia;Sisal;2000;5429;5462;5474;2661;2813;5417;2768;2649
2926202;Riachão das Neves;Bacia do Rio Grande;2000;11372;10545;10257;5169;5088;11660;6203;5457
2926301;Riachão do Jacuípe;Bacia do Jacuípe;2000;15666;15967;15569;7451;8118;16064;8215;7849
2926400;Riacho de Santana;Velho Chico;2000;14490;14153;11011;5406;5605;17632;9084;8548
2926509;Ribeira do Amparo;Semi-Árido Nordeste II;2000;7169;6734;1459;720;739;12444;6449;5995
2926608;Ribeira do Pombal;Semi-Árido Nordeste II;2000;22923;23347;25383;12184;13199;20887;10739;10148
2926657;Ribeirão do Largo;Vitória da Conquista;2000;8166;7137;4451;2247;2204;10852;5919;4933
2926707;Rio de Contas;Chapada Diamantina;2000;6697;7238;5684;2648;3036;8251;4049;4202
2926806;Rio do Antônio;Sertão Produtivo;2000;7398;7239;5112;2538;2574;9525;4860;4665
2926905;Rio do Pires;Bacia do Paramirim;2000;5945;6065;4310;2031;2279;7700;3914;3786
2927002;Rio Real;Litoral Norte e Agreste Baiano;2000;16807;16453;20043;9844;10199;13217;6963;6254
2927101;Rodelas;Itaparica;2000;3104;3156;4786;2328;2458;1474;776;698
2927200;Ruy Barbosa;Piemonte do Paraguaçu;2000;14267;14759;20263;9604;10659;8763;4663;4100
2927309;Salinas da Margarida;Metropolitana de Salvador;2000;5109;5268;4611;2225;2386;5766;2884;2882
2927408;Salvador;Metropolitana de Salvador;2000;1150252;1292855;2442102;1149736;1292366;1005;516;489
2927507;Santa Bárbara;Portal do Sertão;2000;8812;9121;7167;3344;3823;10766;5468;5298
2927606;Santa Brígida;Semi-Árido Nordeste II;2000;8506;8397;4408;2131;2277;12495;6375;6120
2927705;Santa Cruz Cabrália;Costa do Descobrimento;2000;12541;11347;13527;6938;6589;10361;5603;4758
2927804;Santa Cruz da Vitória;Médio Sudoeste da Bahia;2000;3623;3402;4988;2525;2463;2037;1098;939
2927903;Santa Inês;Vale de Jequiriçá;2000;5438;5589;10374;5077;5297;653;361;292
2928059;Santa Luzia;Litoral Sul;2000;8247;7256;8329;4244;4085;7174;4003;3171
2928109;Santa Maria da Vitória;Bacia do Rio Corrente;2000;20848;20413;22787;11270;11517;18474;9578;8896
2928406;Santa Rita de Cássia;Bacia do Rio Grande;2000;12308;11718;12185;5970;6215;11841;6338;5503
2928505;Santa Terezinha;Piemonte do Paraguaçu;2000;4409;4287;1859;894;965;6837;3515;3322
2928000;Santaluz;Sisal;2000;15495;15460;17966;8693;9273;12989;6802;6187
2928208;Santana;Bacia do Rio Corrente;2000;12371;11768;12496;6189;6307;11643;6182;5461
2928307;Santanópolis;Portal do Sertão;2000;4284;4360;1250;600;650;7394;3684;3710
2928604;Santo Amaro;Recôncavo;2000;28646;29768;44505;21432;23073;13909;7214;6695
2928703;Santo Antônio de Jesus;Recôncavo;2000;36932;40436;66245;31170;35075;11123;5762;5361
2928802;Santo Estevão;Portal do Sertão;2000;19843;21302;19693;9307;10386;21452;10536;10916
2928901;São Desidério;Bacia do Rio Grande;2000;9865;9141;7129;3598;3531;11877;6267;5610
2928950;São Domingos;Sisal;2000;4269;4257;3711;1794;1917;4815;2475;2340
2929107;São Felipe;Recôncavo;2000;10196;10032;8250;3912;4338;11978;6284;5694
2929008;São Félix;Recôncavo;2000;6671;7028;8748;4158;4590;4951;2513;2438
2929057;São Félix do Coribe;Bacia do Rio Corrente;2000;5961;5797;8552;4236;4316;3206;1725;1481
2929206;São Francisco do Conde;Recôncavo;2000;13055;13227;21870;10824;11046;4412;2231;2181
2929255;São Gabriel;Irecê;2000;9497;8915;9811;4927;4884;8601;4570;4031
2929305;São Gonçalo dos Campos;Portal do Sertão;2000;12984;14016;13552;6322;7230;13448;6662;6786
2929354;São José da Vitória;Litoral Sul;2000;3201;3009;5154;2619;2535;1056;582;474
2929370;São José do Jacuípe;Bacia do Jacuípe;2000;4604;4629;5701;2780;2921;3532;1824;1708
2929404;São Miguel das Matas;Vale de Jequiriçá;2000;5062;4958;2772;1324;1448;7248;3738;3510
2929503;São Sebastião do Passé;Recôncavo;2000;19922;20038;29549;14436;15113;10411;5486;4925
2929602;Sapeaçu;Recôncavo;2000;7997;8453;7524;3562;3962;8926;4435;4491
2929701;Sátiro Dias;Litoral Norte e Agreste Baiano;2000;8734;8517;3426;1598;1828;13825;7136;6689
2929750;Saubara;Recôncavo;2000;5113;5080;10076;5051;5025;117;62;55
2929800;Saúde;Piemonte da Diamantina;2000;5725;5763;5991;2860;3131;5497;2865;2632
2929909;Seabra;Chapada Diamantina;2000;19681;19741;16749;8115;8634;22673;11566;11107
2930006;Sebastião Laranjeiras;Sertão Produtivo;2000;4741;4542;3639;1805;1834;5644;2936;2708
2930105;Senhor do Bonfim;Piemonte Norte do Itapicuru;2000;32889;34834;51343;24466;26877;16380;8423;7957
2930204;Sento Sé;Sertão do São Francisco;2000;16777;15684;17264;8681;8583;15197;8096;7101
2930154;Serra do Ramalho;Velho Chico;2000;17000;15600;3742;1896;1846;28858;15104;13754
2930303;Serra Dourada;Bacia do Rio Corrente;2000;9322;8693;5377;2665;2712;12638;6657;5981
2930402;Serra Preta;Bacia do Jacuípe;2000;8833;8893;5692;2741;2951;12034;6092;5942
2930501;Serrinha;Sisal;2000;41171;42035;45943;22056;23887;37263;19115;18148
2930600;Serrolândia;Piemonte da Diamantina;2000;6310;6306;6042;2898;3144;6574;3412;3162
2930709;Simões Filho;Metropolitana de Salvador;2000;46731;47335;76905;37885;39020;17161;8846;8315
2930758;Sítio do Mato;Velho Chico;2000;6088;5664;6470;3261;3209;5282;2827;2455
2930766;Sítio do Quinto;Semi-Árido Nordeste II;2000;8306;8725;3662;1763;1899;13369;6543;6826
2930774;Sobradinho;Sertão do São Francisco;2000;10527;10798;19610;9606;10004;1715;921;794
2930808;Souto Soares;Chapada Diamantina;2000;7570;7225;5080;2528;2552;9715;5042;4673
2930907;Tabocas do Brejo Velho;Bacia do Rio Corrente;2000;6533;6086;3431;1718;1713;9188;4815;4373
2931004;Tanhaçu;Sertão Produtivo;2000;10163;9881;7017;3402;3615;13027;6761;6266
2931053;Tanque Novo;Bacia do Paramirim;2000;7966;7805;5535;2752;2783;10236;5214;5022
2931103;Tanquinho;Portal do Sertão;2000;3692;3768;5082;2410;2672;2378;1282;1096
2931202;Taperoá;Baixo Sul;2000;8149;7784;7523;3614;3909;8410;4535;3875
2931301;Tapiramutá;Piemonte do Paraguaçu;2000;8642;8419;12425;6137;6288;4636;2505;2131
2931350;Teixeira de Freitas;Extremo Sul;2000;53189;54297;98688;48600;50088;8798;4589;4209
2931400;Teodoro Sampaio;Portal do Sertão;2000;4393;4491;6627;3173;3454;2257;1220;1037
2931509;Teofilândia;Sisal;2000;10404;10028;5858;2857;3001;14574;7547;7027
2931608;Teolândia;Baixo Sul;2000;6447;6125;3606;1723;1883;8966;4724;4242
2931707;Terra Nova;Portal do Sertão;2000;6291;6584;11131;5360;5771;1744;931;813
2931806;Tremedal;Vitória da Conquista;2000;10616;10584;3503;1714;1789;17697;8902;8795
2931905;Tucano;Sisal;2000;25711;25237;18597;8918;9679;32351;16793;15558
2932002;Uauá;Sertão do São Francisco;2000;13132;12861;9608;4653;4955;16385;8479;7906
2932101;Ubaíra;Vale de Jequiriçá;2000;10479;10116;8010;3858;4152;12585;6621;5964
2932200;Ubaitaba;Litoral Sul;2000;11787;12067;18582;8963;9619;5272;2824;2448
2932309;Ubatã;Médio Rio de Contas;2000;10974;10829;17847;8765;9082;3956;2209;1747
2932408;Uibaí;Irecê;2000;6998;6616;7880;3990;3890;5734;3008;2726
2932457;Umburanas;Piemonte da Diamantina;2000;7395;6745;6186;3155;3031;7954;4240;3714
2932507;Una;Litoral Sul;2000;16597;14664;15274;7729;7545;15987;8868;7119
2932606;Urandi;Sertão Produtivo;2000;8149;7927;4730;2336;2394;11346;5813;5533
2932705;Uruçuca;Litoral Sul;2000;10351;9972;14158;6917;7241;6165;3434;2731
2932804;Utinga;Chapada Diamantina;2000;8446;8443;11472;5637;5835;5417;2809;2608
2932903;Valença;Baixo Sul;2000;38473;39036;55884;26904;28980;21625;11569;10056
2933000;Valente;Sisal;2000;9498;9647;9511;4543;4968;9634;4955;4679
2933059;Várzea da Roça;Bacia do Jacuípe;2000;6931;6702;5847;2855;2992;7786;4076;3710
2933109;Várzea do Poço;Bacia do Jacuípe;2000;3770;3745;5034;2456;2578;2481;1314;1167
2933158;Várzea Nova;Piemonte da Diamantina;2000;7220;6934;8683;4242;4441;5471;2978;2493
2933174;Varzedo;Recôncavo;2000;4363;4310;2627;1287;1340;6046;3076;2970
2933208;Vera Cruz;Metropolitana de Salvador;2000;15055;14695;27872;14066;13806;1878;989;889
2933257;Vereda;Extremo Sul;2000;3952;3498;1276;641;635;6174;3311;2863
2933307;Vitória da Conquista;Vitória da Conquista;2000;127636;134858;225545;108462;117083;36949;19174;17775
2933406;Wagner;Chapada Diamantina;2000;4535;4441;6037;2958;3079;2939;1577;1362
2933455;Wanderley;Bacia do Rio Grande;2000;6963;6686;5478;2672;2806;8171;4291;3880
2933505;Wenceslau Guimarães;Baixo Sul;2000;12380;11546;6790;3323;3467;17136;9057;8079
2933604;Xique-Xique;Irecê;2000;22253;22465;31565;15259;16306;13153;6994;6159
2900108;Abaíra;Chapada Diamantina;2010;4082;4234;3736;1788;1948;4580;2294;2286
2900207;Abaré;Itaparica;2010;8564;8500;9029;4366;4663;8035;4198;3837
2900306;Acajutiba;Litoral Norte e Agreste Baiano;2010;7208;7445;12774;6245;6529;1879;963;916
2900355;Adustina;Semi-Árido Nordeste II;2010;7907;7795;5572;2624;2948;10130;5283;4847
2900405;Água Fria;Portal do Sertão;2010;7903;7828;5777;2756;3021;9954;5147;4807
2900603;Aiquara;Médio Rio de Contas;2010;2351;2251;2680;1338;1342;1922;1013;909
2900702;Alagoinhas;Litoral Norte e Agreste Baiano;2010;67212;74737;124042;58132;65910;17907;9080;8827
2900801;Alcobaça;Extremo Sul;2010;10815;10456;11085;5458;5627;10186;5357;4829
2900900;Almadina;Litoral Sul;2010;3200;3157;5080;2467;2613;1277;733;544
2901007;Amargosa;Vale de Jequiriçá;2010;16647;17704;24891;11757;13134;9460;4890;4570
2901106;Amélia Rodrigues;Portal do Sertão;2010;12283;12907;19957;9613;10344;5233;2670;2563
2901155;América Dourada;Irecê;2010;8073;7888;10832;5376;5456;5129;2697;2432
2901205;Anagé;Vitória da Conquista;2010;12892;12624;4924;2440;2484;20592;10452;10140
2901304;Andaraí;Chapada Diamantina;2010;7181;6779;7773;3881;3892;6187;3300;2887
2901353;Andorinha;Piemonte Norte do Itapicuru;2010;7328;7086;6208;3016;3192;8206;4312;3894
2901403;Angical;Bacia do Rio Grande;2010;7460;6613;6531;3304;3227;7542;4156;3386
2901502;Anguera;Portal do Sertão;2010;5083;5159;4326;2111;2215;5916;2972;2944
2901601;Antas;Semi-Árido Nordeste II;2010;8581;8491;6360;3130;3230;10712;5451;5261
2901700;Antônio Cardoso;Portal do Sertão;2010;5734;5820;3225;1596;1629;8329;4138;4191
2901809;Antônio Gonçalves;Piemonte Norte do Itapicuru;2010;5573;5442;5783;2814;2969;5232;2759;2473
2901908;Aporá;Litoral Norte e Agreste Baiano;2010;8961;8770;8505;4212;4293;9226;4749;4477
2901957;Apuarema;Médio Rio de Contas;2010;3794;3665;5117;2534;2583;2342;1260;1082
2902054;Araçás;Litoral Norte e Agreste Baiano;2010;5828;5733;5807;2812;2995;5754;3016;2738
2902005;Aracatu;Vitória da Conquista;2010;7052;6691;3938;1907;2031;9805;5145;4660
2902104;Araci;Sisal;2010;25940;25711;19638;9404;10234;32013;16536;15477
2902203;Aramari;Litoral Norte e Agreste Baiano;2010;4999;5037;5125;2507;2618;4911;2492;2419
2902252;Arataca;Litoral Sul;2010;5502;4890;5588;2842;2746;4804;2660;2144
2902302;Aratuípe;Baixo Sul;2010;4376;4223;5513;2726;2787;3086;1650;1436
2902401;Aurelino Leal;Litoral Sul;2010;6833;6762;11426;5590;5836;2169;1243;926
2902500;Baianópolis;Bacia do Rio Grande;2010;7162;6688;3482;1712;1770;10368;5450;4918
2902609;Baixa Grande;Bacia do Jacuípe;2010;9966;10094;8338;3973;4365;11722;5993;5729
2902658;Banzaê;Semi-Árido Nordeste II;2010;5993;5821;4042;1996;2046;7772;3997;3775
2902708;Barra;Velho Chico;2010;25160;24165;22446;10960;11486;26879;14200;12679
2902807;Barra da Estiva;Chapada Diamantina;2010;10648;10539;10404;5072;5332;10783;5576;5207
2902906;Barra do Choça;Vitória da Conquista;2010;17553;17235;22407;11086;11321;12381;6467;5914
2903003;Barra do Mendes;Irecê;2010;7012;6975;6256;2993;3263;7731;4019;3712
2903102;Barra do Rocha;Médio Rio de Contas;2010;3337;2976;3806;1908;1898;2507;1429;1078
2903201;Barreiras;Bacia do Rio Grande;2010;67913;69514;123741;60645;63096;13686;7268;6418
2903235;Barro Alto;Irecê;2010;6909;6703;6712;3318;3394;6900;3591;3309
2903300;Barro Preto/Lomanto Junior;Litoral Sul;2010;3306;3147;5295;2638;2657;1158;668;490
2903276;Barrocas;Sisal;2010;7218;6973;5695;2859;2836;8496;4359;4137
2903409;Belmonte;Costa do Descobrimento;2010;11159;10639;11420;5669;5751;10378;5490;4888
2903508;Belo Campo;Vitória da Conquista;2010;8120;7901;9029;4398;4631;6992;3722;3270
2903607;Biritinga;Sisal;2010;7553;7283;3517;1661;1856;11319;5892;5427
2903706;Boa Nova;Médio Rio de Contas;2010;7824;7587;5804;2839;2965;9607;4985;4622
2903805;Boa Vista do Tupim;Piemonte do Paraguaçu;2010;9134;8857;6593;3143;3450;11398;5991;5407
2903904;Bom Jesus da Lapa;Velho Chico;2010;31676;31804;43099;20904;22195;20381;10772;9609
2903953;Bom Jesus da Serra;Vitória da Conquista;2010;5191;4922;2768;1363;1405;7345;3828;3517
2904001;Boninal;Chapada Diamantina;2010;6702;6993;4607;2194;2413;9088;4508;4580
2904050;Bonito;Chapada Diamantina;2010;7521;7313;6232;3060;3172;8602;4461;4141
2904100;Boquira;Bacia do Paramirim;2010;10856;11181;7364;3483;3881;14673;7373;7300
2904209;Botuporã;Bacia do Paramirim;2010;5608;5546;4076;1988;2088;7078;3620;3458
2904308;Brejões;Vale de Jequiriçá;2010;7114;7168;4937;2384;2553;9345;4730;4615
2904407;Brejolândia;Bacia do Rio Corrente;2010;5798;5279;1984;957;1027;9093;4841;4252
2904506;Brotas de Macaúbas;Velho Chico;2010;5472;5245;3118;1533;1585;7599;3939;3660
2904605;Brumado;Sertão Produtivo;2010;31747;32855;45131;21716;23415;19471;10031;9440
2904704;Buerarema;Litoral Sul;2010;9307;9298;15277;7447;7830;3328;1860;1468
2904753;Buritirama;Bacia do Rio Grande;2010;10202;9398;7905;3929;3976;11695;6273;5422
2904803;Caatiba;Médio Sudoeste da Bahia;2010;5992;5428;5398;2774;2624;6022;3218;2804
2904852;Cabaceiras do Paraguaçu;Recôncavo;2010;8549;8778;4644;2261;2383;12683;6288;6395
2904902;Cachoeira;Recôncavo;2010;15453;16573;16387;7684;8703;15639;7769;7870
2905008;Caculé;Sertão Produtivo;2010;11137;11099;13309;6442;6867;8927;4695;4232
2905107;Caém;Piemonte da Diamantina;2010;5140;5228;3655;1704;1951;6713;3436;3277
2905156;Caetanos;Vitória da Conquista;2010;7054;6585;3291;1654;1637;10348;5400;4948
2905206;Caetité;Sertão Produtivo;2010;23419;24096;28447;13527;14920;19068;9892;9176
2905305;Cafarnaum;Irecê;2010;8764;8445;10563;5241;5322;6646;3523;3123
2905404;Cairu;Baixo Sul;2010;7841;7533;8147;4077;4070;7227;3764;3463
2905503;Caldeirão Grande;Piemonte Norte do Itapicuru;2010;6152;6339;4558;2152;2406;7933;4000;3933
2905602;Camacan;Litoral Sul;2010;15734;15738;24685;12022;12663;6787;3712;3075
2905701;Camaçari;Metropolitana de Salvador;2010;120704;122266;231973;114874;117099;10997;5830;5167
2905800;Camamu;Baixo Sul;2010;17899;17281;15618;7566;8052;19562;10333;9229
2905909;Campo Alegre de Lourdes;Sertão do São Francisco;2010;14142;13948;8126;3957;4169;19964;10185;9779
2906006;Campo Formoso;Piemonte Norte do Itapicuru;2010;33464;33152;24863;11807;13056;41753;21657;20096
2906105;Canápolis;Bacia do Rio Corrente;2010;4808;4602;3225;1601;1624;6185;3207;2978
2906204;Canarana;Irecê;2010;12126;11941;11455;5596;5859;12612;6530;6082
2906303;Canavieiras;Litoral Sul;2010;16089;16247;25903;12491;13412;6433;3598;2835
2906402;Candeal;Sisal;2010;4499;4396;3476;1699;1777;5419;2800;2619
2906501;Candeias;Metropolitana de Salvador;2010;40314;42844;75994;36606;39388;7164;3708;3456
2906600;Candiba;Sertão Produtivo;2010;6815;6395;7725;3890;3835;5485;2925;2560
2906709;Cândido Sales;Vitória da Conquista;2010;14032;13886;19286;9592;9694;8632;4440;4192
2906808;Cansanção;Sisal;2010;16560;16348;11021;5304;5717;21887;11256;10631
2906824;Canudos;Sertão do São Francisco;2010;7997;7735;8698;4291;4407;7034;3706;3328
2906857;Capela do Alto Alegre;Bacia do Jacuípe;2010;5808;5719;5595;2723;2872;5932;3085;2847
2906873;Capim Grosso;Piemonte da Diamantina;2010;12998;13579;21762;10541;11221;4815;2457;2358
2906899;Caraíbas;Vitória da Conquista;2010;5216;5006;2513;1242;1271;7709;3974;3735
2906907;Caravelas;Extremo Sul;2010;10873;10541;11309;5635;5674;10105;5238;4867
2907004;Cardeal da Silva;Litoral Norte e Agreste Baiano;2010;4502;4397;2901;1456;1445;5998;3046;2952
2907103;Carinhanha;Velho Chico;2010;14523;13857;12585;6118;6467;15795;8405;7390
2907202;Casa Nova;Sertão do São Francisco;2010;33091;31849;37543;18559;18984;27397;14532;12865
2907301;Castro Alves;Recôncavo;2010;12268;13140;15686;7371;8315;9722;4897;4825
2907400;Catolândia;Bacia do Rio Grande;2010;1354;1258;967;484;483;1645;870;775
2907509;Catu;Litoral Norte e Agreste Baiano;2010;24816;26261;42755;20502;22253;8322;4314;4008
2907558;Caturama;Bacia do Paramirim;2010;4543;4300;2374;1162;1212;6469;3381;3088
2907608;Central;Irecê;2010;8689;8324;8157;3991;4166;8856;4698;4158
2907707;Chorrochó;Itaparica;2010;5442;5292;2631;1232;1399;8103;4210;3893
2907806;Cícero Dantas;Semi-Árido Nordeste II;2010;15860;16440;17726;8362;9364;14574;7498;7076
2907905;Cipó;Semi-Árido Nordeste II;2010;7678;8077;11287;5381;5906;4468;2297;2171
2908002;Coaraci;Litoral Sul;2010;10274;10690;19130;9195;9935;1834;1079;755
2908101;Côcos;Bacia do Rio Corrente;2010;9303;8850;8572;4220;4352;9581;5083;4498
2908200;Conceição da Feira;Portal do Sertão;2010;9922;10469;13137;6258;6879;7254;3664;3590
2908309;Conceição do Almeida;Recôncavo;2010;8704;9185;7926;3750;4176;9963;4954;5009
2908408;Conceição do Coité;Sisal;2010;30707;31333;36278;17418;18860;25762;13289;12473
2908507;Conceição do Jacuípe;Portal do Sertão;2010;14559;15564;23539;11259;12280;6584;3300;3284
2908606;Conde;Litoral Norte e Agreste Baiano;2010;11834;11786;12129;5904;6225;11491;5930;5561
2908705;Condeúba;Vitória da Conquista;2010;8270;8628;7462;3488;3974;9436;4782;4654
2908804;Contendas do Sincorá;Sertão Produtivo;2010;2380;2283;2297;1141;1156;2366;1239;1127
2908903;Coração de Maria;Portal do Sertão;2010;10841;11560;9400;4357;5043;13001;6484;6517
2909000;Cordeiros;Vitória da Conquista;2010;4048;4120;2551;1206;1345;5617;2842;2775
2909109;Coribe;Bacia do Rio Corrente;2010;7199;7108;6141;2981;3160;8166;4218;3948
2909208;Coronel João Sá;Semi-Árido Nordeste II;2010;8796;8270;7043;3513;3530;10023;5283;4740
2909307;Correntina;Bacia do Rio Corrente;2010;15763;15486;12604;6115;6489;18645;9648;8997
2909406;Cotegipe;Bacia do Rio Grande;2010;7115;6521;6648;3266;3382;6988;3849;3139
2909505;Cravolândia;Vale de Jequiriçá;2010;2557;2484;3180;1579;1601;1861;978;883
2909604;Crisópolis;Litoral Norte e Agreste Baiano;2010;10236;9810;8612;4258;4354;11434;5978;5456
2909703;Cristópolis;Bacia do Rio Grande;2010;6869;6411;3133;1571;1562;10147;5298;4849
2909802;Cruz das Almas;Recôncavo;2010;27682;30924;49885;23292;26593;8721;4390;4331
2909901;Curaçá;Sertão do São Francisco;2010;16467;15701;13719;6554;7165;18449;9913;8536
2910008;Dário Meira;Médio Rio de Contas;2010;6726;6110;5090;2567;2523;7746;4159;3587
2910057;Dias D'Ávila;Metropolitana de Salvador;2010;32818;33622;62473;30734;31739;3967;2084;1883
2910107;Dom Basílio;Sertão Produtivo;2010;5870;5485;2241;1128;1113;9114;4742;4372
2910206;Dom Macedo Costa;Recôncavo;2010;1897;1977;1761;839;922;2113;1058;1055
2910305;Elísio Medrado;Vale de Jequiriçá;2010;3957;3990;3248;1547;1701;4699;2410;2289
2910404;Encruzilhada;Vitória da Conquista;2010;12376;11390;5130;2552;2578;18636;9824;8812
2910503;Entre Rios;Litoral Norte e Agreste Baiano;2010;19631;20241;23840;11349;12491;16032;8282;7750
2900504;Érico Cardoso;Bacia do Paramirim;2010;5422;5437;2016;975;1041;8843;4447;4396
2910602;Esplanada;Litoral Norte e Agreste Baiano;2010;16334;16468;20822;10078;10744;11980;6256;5724
2910701;Euclides da Cunha;Semi-Árido Nordeste II;2010;28319;27970;27416;13266;14150;28873;15053;13820
2910727;Eunápolis;Costa do Descobrimento;2010;49396;50800;93413;45820;47593;6783;3576;3207
2910750;Fátima;Semi-Árido Nordeste II;2010;8949;8703;6916;3333;3583;10736;5616;5120
2910776;Feira da Mata;Velho Chico;2010;3197;2987;3243;1618;1625;2941;1579;1362
2910800;Feira de Santana;Portal do Sertão;2010;263999;292643;510635;241310;269325;46007;22689;23318
2910859;Filadélfia;Piemonte Norte do Itapicuru;2010;8437;8303;9022;4379;4643;7718;4058;3660
2910909;Firmino Alves;Médio Sudoeste da Bahia;2010;2732;2652;4337;2164;2173;1047;568;479
2911006;Floresta Azul;Litoral Sul;2010;5438;5222;7343;3622;3721;3317;1816;1501
2911105;Formosa do Rio Preto;Bacia do Rio Grande;2010;11660;10868;13647;6771;6876;8881;4889;3992
2911204;Gandu;Baixo Sul;2010;15103;15233;24848;12131;12717;5488;2972;2516
2911253;Gavião;Bacia do Jacuípe;2010;2356;2205;2538;1282;1256;2023;1074;949
2911303;Gentio do Ouro;Irecê;2010;5448;5174;5350;2654;2696;5272;2794;2478
2911402;Glória;Itaparica;2010;7539;7537;2827;1383;1444;12249;6156;6093
2911501;Gongogi;Médio Rio de Contas;2010;4235;4122;5358;2624;2734;2999;1611;1388
2911600;Governador Mangabeira;Recôncavo;2010;9497;10321;7417;3449;3968;12401;6048;6353
2911659;Guajeru;Vitória da Conquista;2010;5242;5170;2077;994;1083;8335;4248;4087
2911709;Guanambi;Sertão Produtivo;2010;38481;40352;62565;30075;32490;16268;8406;7862
2911808;Guaratinga;Costa do Descobrimento;2010;11618;10547;10425;5211;5214;11740;6407;5333
2911857;Heliópolis;Semi-Árido Nordeste II;2010;6666;6526;5428;2617;2811;7764;4049;3715
2911907;Iaçu;Piemonte do Paraguaçu;2010;12631;13105;20168;9691;10477;5568;2940;2628
2912004;Ibiassucê;Sertão Produtivo;2010;5097;4965;4706;2323;2383;5356;2774;2582
2912103;Ibicaraí;Litoral Sul;2010;11888;12384;17885;8590;9295;6387;3298;3089
2912202;Ibicoara;Chapada Diamantina;2010;8754;8528;10961;5510;5451;6321;3244;3077
2912301;Ibicuí;Médio Sudoeste da Bahia;2010;8063;7722;11964;5888;6076;3821;2175;1646
2912400;Ibipeba;Irecê;2010;8758;8250;10049;5039;5010;6959;3719;3240
2912509;Ibipitanga;Bacia do Paramirim;2010;7048;7123;5155;2451;2704;9016;4597;4419
2912608;Ibiquera;Piemonte do Paraguaçu;2010;2529;2337;2461;1223;1238;2405;1306;1099
2912707;Ibirapitanga;Baixo Sul;2010;11534;11064;6163;2949;3214;16435;8585;7850
2912806;Ibirapoã;Extremo Sul;2010;4098;3858;4532;2304;2228;3424;1794;1630
2912905;Ibirataia;Médio Rio de Contas;2010;9440;9503;15742;7707;8035;3201;1733;1468
2913002;Ibitiara;Chapada Diamantina;2010;7695;7813;3437;1638;1799;12071;6057;6014
2913101;Ibititá;Irecê;2010;9058;8782;8338;4117;4221;9502;4941;4561
2913200;Ibotirama;Velho Chico;2010;12802;12622;19501;9612;9889;5923;3190;2733
2913309;Ichu;Sisal;2010;2588;2667;3365;1634;1731;1890;954;936
2913408;Igaporã;Velho Chico;2010;7643;7562;7864;3803;4061;7341;3840;3501
2913457;Igrapiúna;Baixo Sul;2010;7042;6301;4275;2075;2200;9068;4967;4101
2913507;Iguaí;Médio Sudoeste da Bahia;2010;13123;12582;14580;7168;7412;11125;5955;5170
2913606;Ilhéus;Litoral Sul;2010;89440;94796;155281;74049;81232;28955;15391;13564
2913705;Inhambupe;Litoral Norte e Agreste Baiano;2010;18028;18278;15635;7491;8144;20671;10537;10134
2913804;Ipecaetá;Portal do Sertão;2010;7586;7745;2637;1261;1376;12694;6325;6369
2913903;Ipiaú;Médio Rio de Contas;2010;21831;22559;40384;19664;20720;4006;2167;1839
2914000;Ipirá;Bacia do Jacuípe;2010;29076;30267;29009;13607;15402;30334;15469;14865
2914109;Ipupiara;Irecê;2010;4741;4544;5979;2976;3003;3306;1765;1541
2914208;Irajuba;Vale de Jequiriçá;2010;3506;3496;3273;1603;1670;3729;1903;1826
2914307;Iramaia;Chapada Diamantina;2010;6167;5823;5404;2675;2729;6586;3492;3094
2914406;Iraquara;Chapada Diamantina;2010;11244;11357;6757;3230;3527;15844;8014;7830
2914505;Irará;Portal do Sertão;2010;13297;14169;11246;5210;6036;16220;8087;8133
2914604;Irecê;Irecê;2010;32018;34163;61019;29273;31746;5162;2745;2417
2914653;Itabela;Costa do Descobrimento;2010;14481;13909;21384;10777;10607;7006;3704;3302
2914703;Itaberaba;Piemonte do Paraguaçu;2010;29935;31696;48485;22999;25486;13146;6936;6210
2914802;Itabuna;Litoral Sul;2010;96936;107731;199643;94198;105445;5024;2738;2286
2914901;Itacaré;Litoral Sul;2010;12697;11621;13642;6789;6853;10676;5908;4768
2915007;Itaeté;Chapada Diamantina;2010;7513;7411;6209;3010;3199;8715;4503;4212
2915106;Itagi;Médio Rio de Contas;2010;6588;6463;10210;4996;5214;2841;1592;1249
2915205;Itagibá;Médio Rio de Contas;2010;7804;7389;9572;4734;4838;5621;3070;2551
2915304;Itagimirim;Costa do Descobrimento;2010;3556;3554;5649;2764;2885;1461;792;669
2915353;Itaguaçu da Bahia;Irecê;2010;6959;6250;2598;1309;1289;10611;5650;4961
2915403;Itaju do Colônia;Litoral Sul;2010;3699;3610;5860;2909;2951;1449;790;659
2915502;Itajuípe;Litoral Sul;2010;10452;10629;16839;8158;8681;4242;2294;1948
2915601;Itamaraju;Extremo Sul;2010;31460;31609;49785;24300;25485;13284;7160;6124
2915700;Itamari;Médio Rio de Contas;2010;4036;3867;5839;2907;2932;2064;1129;935
2915809;Itambé;Médio Sudoeste da Bahia;2010;11583;11506;19698;9697;10001;3391;1886;1505
2915908;Itanagra;Litoral Norte e Agreste Baiano;2010;3885;3713;2327;1171;1156;5271;2714;2557
2916005;Itanhém;Extremo Sul;2010;10295;9921;14206;7035;7171;6010;3260;2750
2916104;Itaparica;Metropolitana de Salvador;2010;10166;10559;20725;10166;10559;0;0;0
2916203;Itapé;Litoral Sul;2010;5608;5387;7180;3566;3614;3815;2042;1773
2916302;Itapebi;Costa do Descobrimento;2010;5260;5235;8268;4043;4225;2227;1217;1010
2916401;Itapetinga;Médio Sudoeste da Bahia;2010;33449;34824;66276;32341;33935;1997;1108;889
2916500;Itapicuru;Litoral Norte e Agreste Baiano;2010;16467;15794;6675;3193;3482;25586;13274;12312
2916609;Itapitanga;Litoral Sul;2010;5178;5029;7591;3681;3910;2616;1497;1119
2916708;Itaquara;Vale de Jequiriçá;2010;3842;3836;4608;2220;2388;3070;1622;1448
2916807;Itarantim;Médio Sudoeste da Bahia;2010;9523;9016;15302;7653;7649;3237;1870;1367
2916856;Itatim;Piemonte do Paraguaçu;2010;7252;7270;10112;4954;5158;4410;2298;2112
2916906;Itiruçu;Vale de Jequiriçá;2010;6241;6452;9526;4566;4960;3167;1675;1492
2917003;Itiúba;Sisal;2010;18317;17796;9699;4747;4952;26414;13570;12844
2917102;Itororó;Médio Sudoeste da Bahia;2010;9990;9924;18100;8953;9147;1814;1037;777
2917201;Ituaçu;Sertão Produtivo;2010;9031;9096;6569;3123;3446;11558;5908;5650
2917300;Ituberá;Baixo Sul;2010;13388;13203;19252;9352;9900;7339;4036;3303
2917334;Iuiu;Sertão Produtivo;2010;5646;5254;5284;2677;2607;5616;2969;2647
2917359;Jaborandi;Bacia do Rio Corrente;2010;4660;4313;3040;1493;1547;5933;3167;2766
2917409;Jacaraci;Vitória da Conquista;2010;6926;6725;4923;2406;2517;8728;4520;4208
2917508;Jacobina;Piemonte da Diamantina;2010;38328;40919;55868;26512;29356;23379;11816;11563
2917607;Jaguaquara;Vale de Jequiriçá;2010;25042;25969;38850;18645;20205;12161;6397;5764
2917706;Jaguarari;Piemonte Norte do Itapicuru;2010;15438;14905;16612;8264;8348;13731;7174;6557
2917805;Jaguaripe;Baixo Sul;2010;8449;8018;5298;2587;2711;11169;5862;5307
2917904;Jandaíra;Litoral Norte e Agreste Baiano;2010;5309;5022;6147;3092;3055;4184;2217;1967
2918001;Jequié;Médio Rio de Contas;2010;73612;78283;139426;66855;72571;12469;6757;5712
2918100;Jeremoabo;Semi-Árido Nordeste II;2010;19018;18662;17437;8424;9013;20243;10594;9649
2918209;Jiquiriçá;Vale de Jequiriçá;2010;7155;6963;5581;2689;2892;8537;4466;4071
2918308;Jitaúna;Médio Rio de Contas;2010;7124;6991;9260;4480;4780;4855;2644;2211
2918357;João Dourado;Irecê;2010;11383;11166;13569;6724;6845;8980;4659;4321
2918407;Juazeiro;Sertão do São Francisco;2010;97085;100880;160775;77799;82976;37190;19286;17904
2918456;Jucuruçu;Extremo Sul;2010;5399;4891;2292;1159;1133;7998;4240;3758
2918506;Jussara;Irecê;2010;7812;7240;10052;5135;4917;5000;2677;2323
2918555;Jussari;Litoral Sul;2010;3280;3194;4876;2400;2476;1598;880;718
2918605;Jussiape;Chapada Diamantina;2010;3907;4124;3068;1423;1645;4963;2484;2479
2918704;Lafayette Coutinho;Vale de Jequiriçá;2010;2030;1871;2104;1038;1066;1797;992;805
2919058;Lagedo do Tabocal;Vale de Jequiriçá;2010;4187;4118;5149;2508;2641;3156;1679;1477
2918753;Lagoa Real;Sertão Produtivo;2010;7200;6734;2808;1374;1434;11126;5826;5300
2918803;Laje;Vale de Jequiriçá;2010;11286;10915;6080;2935;3145;16121;8351;7770
2918902;Lajedão;Extremo Sul;2010;1837;1896;2076;982;1094;1657;855;802
2919009;Lajedinho;Piemonte do Paraguaçu;2010;2045;1891;1245;619;626;2691;1426;1265
2919108;Lamarão;Sisal;2010;4761;4799;2085;990;1095;7475;3771;3704
2919157;Lapão;Irecê;2010;13083;12563;10050;5043;5007;15596;8040;7556
2919207;Lauro de Freitas;Metropolitana de Salvador;2010;79276;84173;163449;79276;84173;0;0;0
2919306;Lençóis;Chapada Diamantina;2010;5210;5158;8037;3947;4090;2331;1263;1068
2919405;Licínio de Almeida;Vitória da Conquista;2010;6276;6035;6253;3082;3171;6058;3194;2864
2919504;Livramento de N. Senhora;Sertão Produtivo;2010;21492;21201;20530;9920;10610;22163;11572;10591
2919553;Luís Eduardo Magalhães;Bacia do Rio Grande;2010;31056;29049;54881;28190;26691;5224;2866;2358
2919603;Macajuba;Piemonte do Paraguaçu;2010;5520;5709;6871;3257;3614;4358;2263;2095
2919702;Macarani;Médio Sudoeste da Bahia;2010;8583;8510;13639;6674;6965;3454;1909;1545
2919801;Macaúbas;Bacia do Paramirim;2010;23541;23510;15411;7342;8069;31640;16199;15441
2919900;Macururé;Itaparica;2010;4001;4072;2860;1357;1503;5213;2644;2569
2919926;Madre de Deus;Metropolitana de Salvador;2010;8377;8999;16854;8117;8737;522;260;262
2919959;Maetinga;Vitória da Conquista;2010;3581;3457;2817;1392;1425;4221;2189;2032
2920007;Maiquinique;Médio Sudoeste da Bahia;2010;4544;4238;6916;3502;3414;1866;1042;824
2920106;Mairi;Bacia do Jacuípe;2010;9555;9771;11115;5268;5847;8211;4287;3924
2920205;Malhada;Velho Chico;2010;8285;7729;6559;3263;3296;9455;5022;4433
2920304;Malhada de Pedras;Sertão Produtivo;2010;4322;4146;3234;1603;1631;5234;2719;2515
2920403;Manoel Vitorino;Médio Rio de Contas;2010;7338;7049;7359;3606;3753;7028;3732;3296
2920452;Mansidão;Bacia do Rio Grande;2010;6585;6007;4782;2392;2390;7810;4193;3617
2920502;Maracás;Vale de Jequiriçá;2010;12204;12409;17707;8438;9269;6906;3766;3140
2920601;Maragogipe;Recôncavo;2010;21516;21299;25093;12209;12884;17722;9307;8415
2920700;Maraú;Litoral Sul;2010;10076;9025;3561;1748;1813;15540;8328;7212
2920809;Marcionílio Souza;Chapada Diamantina;2010;5298;5202;5312;2564;2748;5188;2734;2454
2920908;Mascote;Litoral Sul;2010;7551;7089;11679;5849;5830;2961;1702;1259
2921005;Mata de São João;Litoral Norte e Agreste Baiano;2010;19879;20304;29825;14454;15371;10358;5425;4933
2921054;Matina;Velho Chico;2010;5674;5471;3473;1707;1766;7672;3967;3705
2921104;Medeiros Neto;Extremo Sul;2010;11049;10511;17064;8603;8461;4496;2446;2050
2921203;Miguel Calmon;Piemonte da Diamantina;2010;13197;13278;16066;7688;8378;10409;5509;4900
2921302;Milagres;Vale de Jequiriçá;2010;5003;5303;7789;3710;4079;2517;1293;1224
2921401;Mirangaba;Piemonte da Diamantina;2010;8176;8103;7879;3827;4052;8400;4349;4051
2921450;Mirante;Vitória da Conquista;2010;5393;5114;1809;883;926;8698;4510;4188
2921500;Monte Santo;Sisal;2010;26586;25752;8845;4245;4600;43493;22341;21152
2921609;Morpará;Velho Chico;2010;4241;4039;5538;2761;2777;2742;1480;1262
2921708;Morro do Chapéu;Chapada Diamantina;2010;17688;17476;20267;9790;10477;14897;7898;6999
2921807;Mortugaba;Vitória da Conquista;2010;6227;6250;5887;2877;3010;6590;3350;3240
2921906;Mucugê;Chapada Diamantina;2010;5228;5317;4180;2012;2168;6365;3216;3149
2922003;Mucuri;Extremo Sul;2010;18186;17840;27492;13579;13913;8534;4607;3927
2922052;Mulungu do Morro;Irecê;2010;6175;6074;5919;2902;3017;6330;3273;3057
2922102;Mundo Novo;Piemonte do Paraguaçu;2010;12365;12030;13564;6668;6896;10831;5697;5134
2922201;Muniz Ferreira;Recôncavo;2010;3681;3636;3394;1654;1740;3923;2027;1896
2922250;Muquém do São Francisco;Velho Chico;2010;5449;4823;1283;675;608;8989;4774;4215
2922300;Muritiba;Recôncavo;2010;13726;15173;18040;8408;9632;10859;5318;5541
2922409;Mutuípe;Vale de Jequiriçá;2010;10597;10852;9659;4413;5246;11790;6184;5606
2922508;Nazaré;Recôncavo;2010;13225;14049;22864;10873;11991;4410;2352;2058
2922607;Nilo Peçanha;Baixo Sul;2010;6464;6066;3105;1549;1556;9425;4915;4510
2922656;Nordestina;Sisal;2010;6407;5964;3921;1908;2013;8450;4499;3951
2922706;Nova Canaã;Médio Sudoeste da Bahia;2010;8571;8142;6852;3374;3478;9861;5197;4664
2922730;Nova Fátima;Bacia do Jacuípe;2010;3793;3809;5074;2449;2625;2528;1344;1184
2922755;Nova Ibiá;Médio Rio de Contas;2010;3492;3156;2807;1386;1421;3841;2106;1735
2922805;Nova Itarana;Vale de Jequiriçá;2010;3771;3664;2715;1335;1380;4720;2436;2284
2922854;Nova Redenção;Chapada Diamantina;2010;4069;3965;5237;2581;2656;2797;1488;1309
2922904;Nova Soure;Semi-Árido Nordeste II;2010;12130;12006;11730;5623;6107;12406;6507;5899
2923001;Nova Viçosa;Extremo Sul;2010;19418;19138;33526;16763;16763;5030;2655;2375
2923035;Novo Horizonte;Chapada Diamantina;2010;5502;5171;3505;1766;1739;7168;3736;3432
2923050;Novo Triunfo;Semi-Árido Nordeste II;2010;7533;7518;7503;3755;3748;7548;3778;3770
2923100;Olindina;Litoral Norte e Agreste Baiano;2010;12290;12653;12773;6089;6684;12170;6201;5969
2923209;Oliveira dos Brejinhos;Velho Chico;2010;11131;10700;6584;3218;3366;15247;7913;7334
2923308;Ouriçangas;Litoral Norte e Agreste Baiano;2010;4217;4081;2762;1393;1369;5536;2824;2712
2923357;Ourolândia;Piemonte da Diamantina;2010;8362;8063;6341;3115;3226;10084;5247;4837
2923407;Palmas de Monte Alto;Sertão Produtivo;2010;10599;10176;9832;4774;5058;10943;5825;5118
2923506;Palmeiras;Chapada Diamantina;2010;4174;4236;5239;2550;2689;3171;1624;1547
2923605;Paramirim;Bacia do Paramirim;2010;10565;10436;10029;4897;5132;10972;5668;5304
2923704;Paratinga;Velho Chico;2010;14930;14574;10905;5284;5621;18599;9646;8953
2923803;Paripiranga;Semi-Árido Nordeste II;2010;13670;14108;9533;4468;5065;18245;9202;9043
2923902;Pau Brasil;Litoral Sul;2010;5495;5357;7382;3572;3810;3470;1923;1547
2924009;Paulo Afonso;Itaparica;2010;51970;56426;93404;44279;49125;14992;7691;7301
2924058;Pé de Serra;Bacia do Jacuípe;2010;6817;6935;5174;2442;2732;8578;4375;4203
2924108;Pedrão;Litoral Norte e Agreste Baiano;2010;3394;3482;1716;824;892;5160;2570;2590
2924207;Pedro Alexandre;Semi-Árido Nordeste II;2010;8683;8312;2786;1364;1422;14209;7319;6890
2924306;Piatã;Chapada Diamantina;2010;8734;9248;7612;3596;4016;10370;5138;5232
2924405;Pilão Arcado;Sertão do São Francisco;2010;16683;16177;11027;5382;5645;21833;11301;10532
2924504;Pindaí;Sertão Produtivo;2010;8017;7611;4319;2121;2198;11309;5896;5413
2924603;Pindobaçu;Piemonte Norte do Itapicuru;2010;10329;9792;11237;5619;5618;8884;4710;4174
2924652;Pintadas;Bacia do Jacuípe;2010;5198;5144;5840;2847;2993;4502;2351;2151
2924678;Piraí do Norte;Baixo Sul;2010;5194;4605;3689;1818;1871;6110;3376;2734
2924702;Piripá;Vitória da Conquista;2010;6440;6343;6195;2964;3231;6588;3476;3112
2924801;Piritiba;Piemonte do Paraguaçu;2010;11287;11112;15162;7476;7686;7237;3811;3426
2924900;Planaltino;Vale de Jequiriçá;2010;4574;4248;3640;1794;1846;5182;2780;2402
2925006;Planalto;Vitória da Conquista;2010;12092;12389;14869;7191;7678;9612;4901;4711
2925105;Poções;Vitória da Conquista;2010;21762;22939;34659;16587;18072;10042;5175;4867
2925204;Pojuca;Litoral Norte e Agreste Baiano;2010;16078;16988;28378;13603;14775;4688;2475;2213
2925253;Ponto Novo;Piemonte Norte do Itapicuru;2010;7924;7818;8405;4141;4264;7337;3783;3554
2925303;Porto Seguro;Costa do Descobrimento;2010;63489;63440;104078;51512;52566;22851;11977;10874
2925402;Potiraguá;Médio Sudoeste da Bahia;2010;5066;4744;6604;3322;3282;3206;1744;1462
2925501;Prado;Extremo Sul;2010;13990;13637;15474;7542;7932;12153;6448;5705
2925600;Presidente Dutra;Irecê;2010;6992;6758;9056;4496;4560;4694;2496;2198
2925709;Presidente Jânio Quadros;Vitória da Conquista;2010;6978;6674;4198;2070;2128;9454;4908;4546
2925758;Presidente Tancredo Neves;Baixo Sul;2010;12212;11634;9569;4675;4894;14277;7537;6740
2925808;Queimadas;Sisal;2010;12285;12317;12492;6066;6426;12110;6219;5891
2925907;Quijingue;Sisal;2010;14011;13217;6377;3068;3309;20851;10943;9908
2925931;Quixabeira;Bacia do Jacuípe;2010;4879;4675;3663;1801;1862;5891;3078;2813
2925956;Rafael Jambeiro;Piemonte do Paraguaçu;2010;11136;11738;6850;3230;3620;16024;7906;8118
2926004;Remanso;Sertão do São Francisco;2010;19451;19506;23470;11297;12173;15487;8154;7333
2926103;Retirolândia;Sisal;2010;6025;6030;6722;3283;3439;5333;2742;2591
2926202;Riachão das Neves;Bacia do Rio Grande;2010;11440;10497;10744;5391;5353;11193;6049;5144
2926301;Riachão do Jacuípe;Bacia do Jacuípe;2010;16169;17003;19860;9317;10543;13312;6852;6460
2926400;Riacho de Santana;Velho Chico;2010;15594;15052;13091;6421;6670;17555;9173;8382
2926509;Ribeira do Amparo;Semi-Árido Nordeste II;2010;7234;7042;1921;938;983;12355;6296;6059
2926608;Ribeira do Pombal;Semi-Árido Nordeste II;2010;23376;24142;29756;14286;15470;17762;9090;8672
2926657;Ribeirão do Largo;Vitória da Conquista;2010;4474;4128;4647;2289;2358;3955;2185;1770
2926707;Rio de Contas;Chapada Diamantina;2010;6233;6774;6309;2948;3361;6698;3285;3413
2926806;Rio do Antônio;Sertão Produtivo;2010;7441;7374;5993;2892;3101;8822;4549;4273
2926905;Rio do Pires;Bacia do Paramirim;2010;5928;5990;5267;2543;2724;6651;3385;3266
2927002;Rio Real;Litoral Norte e Agreste Baiano;2010;18654;18510;23310;11412;11898;13854;7242;6612
2927101;Rodelas;Itaparica;2010;3835;3940;6540;3207;3333;1235;628;607
2927200;Ruy Barbosa;Piemonte do Paraguaçu;2010;14549;15338;22093;10417;11676;7794;4132;3662
2927309;Salinas da Margarida;Metropolitana de Salvador;2010;6554;6902;5960;2894;3066;7496;3660;3836
2927408;Salvador;Metropolitana de Salvador;2010;1248897;1426759;2674923;1248513;1426410;733;384;349
2927507;Santa Bárbara;Portal do Sertão;2010;9300;9764;8669;4066;4603;10395;5234;5161
2927606;Santa Brígida;Semi-Árido Nordeste II;2010;7715;7345;5611;2686;2925;9449;5029;4420
2927705;Santa Cruz Cabrália;Costa do Descobrimento;2010;13331;12933;19002;9463;9539;7262;3868;3394
2927804;Santa Cruz da Vitória;Médio Sudoeste da Bahia;2010;3422;3251;5076;2530;2546;1597;892;705
2927903;Santa Inês;Vale de Jequiriçá;2010;5135;5228;9514;4648;4866;849;487;362
2928059;Santa Luzia;Litoral Sul;2010;7051;6293;8072;4040;4032;5272;3011;2261
2928109;Santa Maria da Vitória;Bacia do Rio Corrente;2010;20337;19972;23816;11709;12107;16493;8628;7865
2928406;Santa Rita de Cássia;Bacia do Rio Grande;2010;13572;12678;14907;7313;7594;11343;6259;5084
2928505;Santa Terezinha;Piemonte do Paraguaçu;2010;4822;4826;2334;1128;1206;7314;3694;3620
2928000;Santaluz;Sisal;2010;16620;17218;20795;9950;10845;13043;6670;6373
2928208;Santana;Bacia do Rio Corrente;2010;12551;12199;13483;6595;6888;11267;5956;5311
2928307;Santanópolis;Portal do Sertão;2010;4246;4530;1684;810;874;7092;3436;3656
2928604;Santo Amaro;Recôncavo;2010;27755;30045;44766;21207;23559;13034;6548;6486
2928703;Santo Antônio de Jesus;Recôncavo;2010;42965;48020;79299;37006;42293;11686;5959;5727
2928802;Santo Estevão;Portal do Sertão;2010;22906;24974;27690;13117;14573;20190;9789;10401
2928901;São Desidério;Bacia do Rio Grande;2010;14530;13129;8633;4318;4315;19026;10212;8814
2928950;São Domingos;Sisal;2010;4591;4635;5916;2872;3044;3310;1719;1591
2929107;São Felipe;Recôncavo;2010;10083;10222;9820;4692;5128;10485;5391;5094
2929008;São Félix;Recôncavo;2010;6882;7216;9265;4397;4868;4833;2485;2348
2929057;São Félix do Coribe;Bacia do Rio Corrente;2010;6536;6512;10587;5189;5398;2461;1347;1114
2929206;São Francisco do Conde;Recôncavo;2010;16203;16980;27391;13340;14051;5792;2863;2929
2929255;São Gabriel;Irecê;2010;9449;8978;10494;5295;5199;7933;4154;3779
2929305;São Gonçalo dos Campos;Portal do Sertão;2010;16019;17264;16505;7750;8755;16778;8269;8509
2929354;São José da Vitória;Litoral Sul;2010;2902;2813;5162;2588;2574;553;314;239
2929370;São José do Jacuípe;Bacia do Jacuípe;2010;5094;5086;6991;3426;3565;3189;1668;1521
2929404;São Miguel das Matas;Vale de Jequiriçá;2010;5278;5136;3360;1599;1761;7054;3679;3375
2929503;São Sebastião do Passé;Recôncavo;2010;20708;21445;33112;15941;17171;9041;4767;4274
2929602;Sapeaçu;Recôncavo;2010;7978;8607;8084;3796;4288;8501;4182;4319
2929701;Sátiro Dias;Litoral Norte e Agreste Baiano;2010;9567;9397;4332;2043;2289;14632;7524;7108
2929750;Saubara;Recôncavo;2010;5482;5719;10948;5356;5592;253;126;127
2929800;Saúde;Piemonte da Diamantina;2010;5933;5912;6646;3219;3427;5199;2714;2485
2929909;Seabra;Chapada Diamantina;2010;20685;21113;20277;9734;10543;21521;10951;10570
2930006;Sebastião Laranjeiras;Sertão Produtivo;2010;5254;5117;4084;2035;2049;6287;3219;3068
2930105;Senhor do Bonfim;Piemonte Norte do Itapicuru;2010;36020;38399;57566;27387;30179;16853;8633;8220
2930204;Sento Sé;Sertão do São Francisco;2010;19277;18148;21676;10868;10808;15749;8409;7340
2930154;Serra do Ramalho;Velho Chico;2010;16377;15261;6274;3168;3106;25364;13209;12155
2930303;Serra Dourada;Bacia do Rio Corrente;2010;9243;8869;6002;2896;3106;12110;6347;5763
2930402;Serra Preta;Bacia do Jacuípe;2010;7587;7814;6920;3318;3602;8481;4269;4212
2930501;Serrinha;Sisal;2010;37680;39082;47188;22379;24809;29574;15301;14273
2930600;Serrolândia;Piemonte da Diamantina;2010;6040;6304;7279;3493;3786;5065;2547;2518
2930709;Simões Filho;Metropolitana de Salvador;2010;58013;60034;105811;51624;54187;12236;6389;5847
2930758;Sítio do Mato;Velho Chico;2010;6265;5785;6866;3502;3364;5184;2763;2421
2930766;Sítio do Quinto;Semi-Árido Nordeste II;2010;6282;6310;5172;2492;2680;7420;3790;3630
2930774;Sobradinho;Sertão do São Francisco;2010;10799;11201;20002;9733;10269;1998;1066;932
2930808;Souto Soares;Chapada Diamantina;2010;8053;7846;6039;3000;3039;9860;5053;4807
2930907;Tabocas do Brejo Velho;Bacia do Rio Corrente;2010;5939;5492;3932;1978;1954;7499;3961;3538
2931004;Tanhaçu;Sertão Produtivo;2010;10071;9942;8290;3948;4342;11723;6123;5600
2931053;Tanque Novo;Bacia do Paramirim;2010;8126;8002;7317;3626;3691;8811;4500;4311
2931103;Tanquinho;Portal do Sertão;2010;3977;4031;5711;2744;2967;2297;1233;1064
2931202;Taperoá;Baixo Sul;2010;9586;9162;8725;4196;4529;10023;5390;4633
2931301;Tapiramutá;Piemonte do Paraguaçu;2010;8337;8179;12784;6324;6460;3732;2013;1719
2931350;Teixeira de Freitas;Extremo Sul;2010;68077;70264;129263;63334;65929;9078;4743;4335
2931400;Teodoro Sampaio;Portal do Sertão;2010;3856;4039;6341;3010;3331;1554;846;708
2931509;Teofilândia;Sisal;2010;10801;10681;6692;3220;3472;14790;7581;7209
2931608;Teolândia;Baixo Sul;2010;7725;7111;5068;2523;2545;9768;5202;4566
2931707;Terra Nova;Portal do Sertão;2010;6221;6582;11488;5547;5941;1315;674;641
2931806;Tremedal;Vitória da Conquista;2010;8532;8497;3939;1906;2033;13090;6626;6464
2931905;Tucano;Sisal;2010;26254;26164;21958;10506;11452;30460;15748;14712
2932002;Uauá;Sertão do São Francisco;2010;12218;12076;10761;5162;5599;13533;7056;6477
2932101;Ubaíra;Vale de Jequiriçá;2010;10035;9715;8822;4264;4558;10928;5771;5157
2932200;Ubaitaba;Litoral Sul;2010;10100;10591;17598;8366;9232;3093;1734;1359
2932309;Ubatã;Médio Rio de Contas;2010;12488;12516;17951;8778;9173;7053;3710;3343
2932408;Uibaí;Irecê;2010;6968;6657;8311;4139;4172;5314;2829;2485
2932457;Umburanas;Piemonte da Diamantina;2010;8777;8223;7510;3806;3704;9490;4971;4519
2932507;Una;Litoral Sul;2010;12557;11553;15030;7394;7636;9080;5163;3917
2932606;Urandi;Sertão Produtivo;2010;8331;8135;5939;2935;3004;10527;5396;5131
2932705;Uruçuca;Litoral Sul;2010;9857;9980;15779;7613;8166;4058;2244;1814
2932804;Utinga;Chapada Diamantina;2010;8936;9237;12810;6158;6652;5363;2778;2585
2932903;Valença;Baixo Sul;2010;43531;45142;64368;30582;33786;24305;12949;11356
2933000;Valente;Sisal;2010;12152;12408;13487;6422;7065;11073;5730;5343
2933059;Várzea da Roça;Bacia do Jacuípe;2010;6984;6802;6481;3181;3300;7305;3803;3502
2933109;Várzea do Poço;Bacia do Jacuípe;2010;4355;4306;5789;2857;2932;2872;1498;1374
2933158;Várzea Nova;Piemonte da Diamantina;2010;6622;6451;8553;4163;4390;4520;2459;2061
2933174;Varzedo;Recôncavo;2010;4534;4575;3364;1609;1755;5745;2925;2820
2933208;Vera Cruz;Metropolitana de Salvador;2010;18722;18845;35244;17522;17722;2323;1200;1123
2933257;Vereda;Extremo Sul;2010;3564;3236;1379;697;682;5421;2867;2554
2933307;Vitória da Conquista;Vitória da Conquista;2010;147879;158987;274739;131262;143477;32127;16617;15510
2933406;Wagner;Chapada Diamantina;2010;4498;4485;6482;3181;3301;2501;1317;1184
2933455;Wanderley;Bacia do Rio Grande;2010;6496;5989;5878;2893;2985;6607;3603;3004
2933505;Wenceslau Guimarães;Baixo Sul;2010;11475;10714;7511;3673;3838;14678;7802;6876
2933604;Xique-Xique;Irecê;2010;22509;23027;32541;15655;16886;12995;6854;6141
